------------ LogisticRegression ------------
Predict Proba:
 [  9.99982930e-01   1.70698087e-05] , [  1.00000000e+00   1.66834580e-10] , [ 0.48810759  0.51189241] , [  9.99992504e-01   7.49631402e-06] , [  1.50385785e-04   9.99849614e-01] , [ 0.00543072  0.99456928] , [ 0.46101707  0.53898293] , [ 0.95647131  0.04352869] , [  9.99999967e-01   3.27090452e-08] , [ 0.54771155  0.45228845] , [  1.00000000e+00   2.81850342e-11] , [ 0.00104081  0.99895919] , [ 0.98643784  0.01356216] , [  3.49590944e-08   9.99999965e-01] , [  1.00000000e+00   1.23044953e-12] , [  9.99991576e-01   8.42431513e-06] , [  7.53834779e-07   9.99999246e-01] , [  5.11410894e-07   9.99999489e-01] , [  1.00000000e+00   4.10098897e-10] , [  1.00000000e+00   1.47017877e-11] , [ 0.99714307  0.00285693] , [  9.99999514e-01   4.86176460e-07] , [  9.99261889e-01   7.38111449e-04] , [  1.00000000e+00   8.30844283e-23] , [  6.41290347e-05   9.99935871e-01] ]
log_loss: 1.77773320844 

------------ 		SVC         ------------
Predict Proba:
 [ 0.68580004  0.31419996] , [ 0.68580004  0.31419996] , [ 0.68580004  0.31419996] , [ 0.68580004  0.31419996] , [ 0.68580004  0.31419996] , [ 0.68580004  0.31419996] , [ 0.68580004  0.31419996] , [ 0.68580004  0.31419996] , [ 0.68580004  0.31419996] , [ 0.68580004  0.31419996] , [ 0.68580004  0.31419996] , [ 0.68580004  0.31419996] , [ 0.68580004  0.31419996] , [ 0.68580004  0.31419996] , [ 0.68580004  0.31419996] , [ 0.68580004  0.31419996] , [ 0.68580004  0.31419996] , [ 0.68580004  0.31419996] , [ 0.68580004  0.31419996] , [ 0.68580004  0.31419996] , [ 0.68580004  0.31419996] , [ 0.68580004  0.31419996] , [ 0.68580004  0.31419996] , [ 0.68580004  0.31419996] , [ 0.68580004  0.31419996] ]
log_loss: 0.689391782468 

------------ LogisticRegression ------------
Predict Proba:
 [ 0.8  0.2] , [ 0.4  0.6] , [ 0.5  0.5] , [ 0.8  0.2] , [ 0.5  0.5] , [ 0.5  0.5] , [ 0.8  0.2] , [ 0.8  0.2] , [ 0.9  0.1] , [ 0.3  0.7] , [ 0.9  0.1] , [ 0.6  0.4] , [ 0.4  0.6] , [ 0.6  0.4] , [ 0.8  0.2] , [ 0.8  0.2] , [ 0.4  0.6] , [ 0.3  0.7] , [ 0.8  0.2] , [ 0.9  0.1] , [ 0.7  0.3] , [ 0.9  0.1] , [ 0.9  0.1] , [ 0.8  0.2] , [ 0.6  0.4] ]
log_loss: 0.516832810383 

