------------ LogisticRegression ------------
Predict Proba:
 [ 0.05615399  0.94384601] , [ 0.03019277  0.96980723] , [ 0.09057631  0.90942369] , [ 0.00103198  0.99896802] , [ 0.93479973  0.06520027] , [ 0.01791455  0.98208545] , [ 0.42450916  0.57549084] , [ 0.11017048  0.88982952] , [ 0.26399074  0.73600926] , [ 0.58345029  0.41654971] , [ 0.64583133  0.35416867] , [ 0.00127592  0.99872408] , [ 0.91741241  0.08258759] , [ 0.00107886  0.99892114] , [  2.25591479e-09   9.99999998e-01] , [ 0.74705766  0.25294234] , [  1.31165994e-04   9.99868834e-01] , [ 0.0296607  0.9703393] , [ 0.02182198  0.97817802] , [ 0.00104539  0.99895461] , [ 0.98072512  0.01927488] , [ 0.00336336  0.99663664] , [ 0.57411919  0.42588081] ]
log_loss: 0.467428101817 

------------ 		SVC         ------------
Predict Proba:
 [ 0.17857974  0.82142026] , [ 0.0179678  0.9820322] , [ 0.13696017  0.86303983] , [ 0.01600334  0.98399666] , [ 0.92010908  0.07989092] , [ 0.05593661  0.94406339] , [ 0.10261201  0.89738799] , [ 0.1543704  0.8456296] , [ 0.37198936  0.62801064] , [ 0.68102767  0.31897233] , [ 0.04237941  0.95762059] , [ 0.02876527  0.97123473] , [ 0.9739103  0.0260897] , [ 0.02533625  0.97466375] , [ 0.03410055  0.96589945] , [ 0.34700902  0.65299098] , [ 0.03006502  0.96993498] , [ 0.09119084  0.90880916] , [ 0.03048753  0.96951247] , [ 0.03016175  0.96983825] , [ 0.61843847  0.38156153] , [ 0.02732014  0.97267986] , [ 0.29750179  0.70249821] ]
log_loss: 0.4545350363 

------------ LogisticRegression ------------
Predict Proba:
 [ 0.2  0.8] , [ 0.5  0.5] , [ 0.  1.] , [ 0.  1.] , [ 0.9  0.1] , [ 0.1  0.9] , [ 0.1  0.9] , [ 0.7  0.3] , [ 0.4  0.6] , [ 0.4  0.6] , [ 0.1  0.9] , [ 0.1  0.9] , [ 0.9  0.1] , [ 0.4  0.6] , [ 0.1  0.9] , [ 0.7  0.3] , [ 0.7  0.3] , [ 0.1  0.9] , [ 0.9  0.1] , [ 0.  1.] , [ 0.8  0.2] , [ 0.  1.] , [ 0.4  0.6] ]
log_loss: 0.315856497204 

