------------ LogisticRegression ------------
Predict Proba:
 [  9.98517672e-01   4.37106865e-08   1.48228471e-03] , [  3.32098482e-03   3.74623902e-07   9.96678641e-01] , [  6.70891702e-04   4.83213596e-06   9.99324276e-01] , [  9.99999195e-01   7.73986998e-07   3.12186648e-08] , [  9.15035966e-01   1.27472825e-04   8.48365607e-02] , [  2.19811095e-01   5.72286528e-04   7.79616618e-01] , [  9.99990281e-01   7.29010194e-06   2.42842232e-06] , [  9.99995805e-01   3.92978751e-06   2.65555251e-07] , [  2.03153655e-08   8.09410110e-07   9.99999170e-01] , [  9.89279026e-01   1.28503250e-05   1.07081240e-02] , [ 0.89534822  0.02197081  0.08268097] , [  9.95655715e-01   4.29358681e-06   4.33999119e-03] , [  9.99992657e-01   6.64088729e-06   7.02254524e-07] , [  9.97828655e-01   3.58138073e-06   2.16776364e-03] , [  9.99991416e-01   8.52345349e-06   6.09212721e-08] , [  2.14170897e-06   1.41557311e-06   9.99996443e-01] , [  1.44273959e-01   8.55716843e-01   9.19779704e-06] , [  9.99819446e-01   1.71835339e-04   8.71901001e-06] , [  9.99954978e-01   1.03293789e-06   4.39889605e-05] , [  1.10476381e-04   9.99859900e-01   2.96235170e-05] , [  9.99992944e-01   2.77838552e-07   6.77845270e-06] , [  5.30899557e-01   1.24772164e-05   4.69087965e-01] , [ 0.74910875  0.16072257  0.09016868] , [  2.87843050e-04   9.97139840e-01   2.57231651e-03] , [  3.87163191e-09   2.51570462e-07   9.99999745e-01] , [  9.99997508e-01   6.56965097e-08   2.42626544e-06] , [  9.99998839e-01   3.13023398e-07   8.48472028e-07] , [  1.05726588e-04   9.99799779e-01   9.44944644e-05] , [  9.99982732e-01   9.76663671e-06   7.50108798e-06] ]
log_loss: 0.584275677314 

------------ 		SVC         ------------
Predict Proba:
 [ 0.49287855  0.04582383  0.46129763] , [ 0.49287855  0.04582383  0.46129763] , [ 0.49287855  0.04582383  0.46129763] , [ 0.49287855  0.04582383  0.46129763] , [ 0.49287855  0.04582383  0.46129763] , [ 0.49287855  0.04582383  0.46129763] , [ 0.49287855  0.04582383  0.46129763] , [ 0.49287855  0.04582383  0.46129763] , [ 0.49287855  0.04582383  0.46129763] , [ 0.49287855  0.04582383  0.46129763] , [ 0.49287855  0.04582383  0.46129763] , [ 0.49287855  0.04582383  0.46129763] , [ 0.49287855  0.04582383  0.46129763] , [ 0.49287855  0.04582383  0.46129763] , [ 0.49287855  0.04582383  0.46129763] , [ 0.49287855  0.04582383  0.46129763] , [ 0.49287855  0.04582383  0.46129763] , [ 0.49287855  0.04582383  0.46129763] , [ 0.49287855  0.04582383  0.46129763] , [ 0.49287855  0.04582383  0.46129763] , [ 0.49287855  0.04582383  0.46129763] , [ 0.49287855  0.04582383  0.46129763] , [ 0.49287855  0.04582383  0.46129763] , [ 0.49287855  0.04582383  0.46129763] , [ 0.49287855  0.04582383  0.46129763] , [ 0.49287855  0.04582383  0.46129763] , [ 0.49287855  0.04582383  0.46129763] , [ 0.49287855  0.04582383  0.46129763] , [ 0.49287855  0.04582383  0.46129763] ]
log_loss: 1.2922961725 

------------ LogisticRegression ------------
Predict Proba:
 [ 0.6  0.   0.4] , [ 0.2  0.   0.8] , [ 0.1  0.1  0.8] , [ 0.6  0.   0.4] , [ 0.4  0.   0.6] , [ 0.6  0.   0.4] , [ 0.6  0.   0.4] , [ 0.6  0.   0.4] , [ 0.1  0.   0.9] , [ 0.7  0.   0.3] , [ 0.3  0.1  0.6] , [ 0.8  0.   0.2] , [ 1.  0.  0.] , [ 0.4  0.   0.6] , [ 0.6  0.2  0.2] , [ 0.1  0.   0.9] , [ 0.7  0.1  0.2] , [ 0.8  0.   0.2] , [ 0.6  0.   0.4] , [ 0.4  0.2  0.4] , [ 0.7  0.   0.3] , [ 0.8  0.1  0.1] , [ 0.3  0.1  0.6] , [ 0.6  0.   0.4] , [ 0.1  0.   0.9] , [ 0.6  0.2  0.2] , [ 0.8  0.1  0.1] , [ 0.4  0.1  0.5] , [ 0.9  0.   0.1] ]
log_loss: 3.01289241568 

