------------ LogisticRegression ------------
Predict Proba:
 [  2.84530979e-02   1.28205064e-01   8.43340399e-01   8.37290323e-07
   6.01235651e-07] , [  2.55263223e-03   1.06176063e-03   9.94151735e-01   2.15185726e-03
   8.20152570e-05] , [  8.66884850e-84   2.24027653e-02   9.75015549e-01   2.53225078e-03
   4.94353925e-05] , [  1.62989018e-14   3.50455813e-02   9.64950050e-01   3.00662114e-06
   1.36212076e-06] , [  3.36498925e-84   5.13253534e-02   9.47277867e-01   9.61672335e-04
   4.35107489e-04] , [  9.09106946e-84   2.21287232e-02   9.76082837e-01   1.75271281e-03
   3.57272243e-05] , [  1.25662080e-84   8.46508693e-01   1.50443615e-01   2.94210181e-03
   1.05590261e-04] , [  7.51530769e-17   3.18946635e-02   9.67242353e-01   7.22393574e-04
   1.40589478e-04] , [  7.71159855e-85   1.81464761e-02   9.80501131e-01   1.30861796e-03
   4.37752332e-05] , [  1.13266848e-04   1.17939100e-03   9.95749423e-01   2.32794964e-03
   6.29969225e-04] , [  2.18202272e-05   3.04812163e-06   9.89051459e-01   4.19208840e-05
   1.08817520e-02] , [  6.09193566e-16   2.74606618e-02   9.72532526e-01   1.67634754e-06
   5.13544538e-06] , [  5.38111180e-05   2.54638860e-02   9.70730801e-01   3.15274492e-03
   5.98756424e-04] , [  4.92180273e-16   9.11633073e-01   6.63089617e-02   2.18724425e-02
   1.85522785e-04] , [  5.75855647e-03   5.74082570e-05   9.83608687e-01   1.05656671e-02
   9.68147234e-06] , [  3.00249413e-16   1.79615462e-02   9.78803726e-01   3.16096674e-03
   7.37609752e-05] , [  5.85963287e-18   3.59995965e-03   9.92983778e-01   1.26421896e-03
   2.15204370e-03] , [  3.50535541e-03   8.73708778e-01   9.92714113e-02   2.34350415e-02
   7.94139906e-05] , [  4.90114215e-16   8.93863267e-01   8.40064139e-02   2.20095041e-02
   1.20814578e-04] , [  4.29742523e-04   1.93871809e-01   7.93213904e-01   1.24755704e-02
   8.97389753e-06] , [  2.50715979e-05   4.24618671e-05   9.87914492e-01   1.78599396e-05
   1.20001144e-02] , [  3.13651748e-85   2.67086251e-03   9.86633007e-01   1.03463936e-02
   3.49736549e-04] , [  5.22101766e-84   2.52414708e-02   9.73070525e-01   1.63444437e-03
   5.35594791e-05] , [  5.91013102e-14   4.86184274e-02   9.47227689e-01   3.70626267e-03
   4.47620687e-04] , [  2.15950626e-81   9.63136404e-01   3.68626853e-02   4.37782883e-08
   8.67063142e-07] , [  1.54798405e-05   1.31393879e-03   9.85433653e-01   1.24328656e-02
   8.04062401e-04] , [  1.19958972e-83   1.28271229e-02   1.04130227e-02   9.76410189e-01
   3.49664979e-04] , [  1.85534615e-84   2.20782826e-02   9.55709255e-01   2.20115026e-02
   2.00959749e-04] , [  1.21759093e-18   8.47555805e-09   1.03917719e-01   5.63500595e-07
   8.96081709e-01] , [  2.33516760e-05   2.79656164e-06   9.88861717e-01   3.90737480e-05
   1.10730613e-02] , [  3.88643729e-72   1.62072918e-03   9.61834114e-01   3.61899718e-02
   3.55184687e-04] , [  2.54435636e-18   8.00356659e-05   9.64343314e-01   1.38008448e-05
   3.55628498e-02] , [  2.28706239e-13   9.40707223e-01   5.92921539e-02   6.68750333e-08
   5.56304330e-07] , [  5.07190775e-04   1.46551116e-03   9.94746754e-01   2.48305174e-03
   7.97492280e-04] , [  7.25432729e-17   2.06071458e-03   9.95376991e-01   1.89034727e-03
   6.71947299e-04] , [  8.64923754e-06   3.47149486e-02   9.64234279e-01   9.60603180e-04
   8.15197612e-05] , [  4.66339474e-09   1.97789266e-14   9.76929039e-01   4.82377284e-14
   2.30709560e-02] , [  4.78793996e-84   2.54646236e-02   9.72848656e-01   1.62755074e-03
   5.91693374e-05] , [  4.01283780e-03   5.13629744e-01   4.69787270e-01   1.25293068e-02
   4.08413676e-05] , [  3.31982173e-85   1.20678640e-01   8.64313233e-01   1.48671054e-02
   1.41021841e-04] , [  4.43132260e-84   3.42987421e-02   9.64092766e-01   8.73059741e-04
   7.35431687e-04] , [  2.91625978e-84   3.43070604e-03   9.94594943e-01   1.82229604e-03
   1.52054513e-04] , [  7.20179957e-14   4.30969639e-02   9.42540251e-01   1.43253623e-02
   3.74227697e-05] , [  3.48503954e-84   4.97516729e-02   9.43008719e-01   7.22142378e-03
   1.81839408e-05] , [  2.17611368e-05   1.96901551e-02   9.78218325e-01   9.88374666e-04
   1.08138415e-03] , [  1.14870033e-84   8.61190482e-01   1.26104576e-01   1.26314127e-02
   7.35286534e-05] , [  1.31265048e-16   8.74601394e-01   1.07435604e-01   1.78592901e-02
   1.03711206e-04] , [  9.55088093e-04   9.41490754e-03   9.86925928e-01   2.69190912e-03
   1.21673263e-05] , [  1.12623470e-89   4.50924282e-14   9.77352067e-01   3.21033494e-14
   2.26479329e-02] , [  1.37640278e-50   7.70610369e-01   2.29389601e-01   2.93790505e-10
   2.97651044e-08] , [  3.31370835e-85   4.26239139e-02   9.55410754e-01   1.83080639e-03
   1.34525708e-04] , [  1.60125732e-09   1.22176551e-06   9.48104085e-01   6.88716049e-06
   5.18878049e-02] , [  1.53028072e-03   1.68361114e-02   9.78178679e-01   3.40153166e-03
   5.33971285e-05] , [  1.03988758e-16   5.90329384e-04   9.74755043e-01   2.39973138e-02
   6.57313651e-04] , [  1.25851178e-84   8.67076333e-01   1.24177688e-01   8.67277181e-03
   7.32077811e-05] , [  5.47025913e-05   1.22387632e-02   9.68515938e-01   1.91413577e-02
   4.92385591e-05] , [  6.21182409e-06   3.06768039e-07   9.12517988e-01   2.94867935e-06
   8.74725443e-02] , [  1.06817522e-04   9.34049252e-03   9.89708969e-01   7.41435701e-04
   1.02284934e-04] , [  1.59091638e-84   3.21981438e-03   9.83584325e-01   1.27815386e-02
   4.14322132e-04] , [  1.99900875e-02   4.85381526e-03   2.12274846e-02   9.53763415e-01
   1.65197913e-04] , [  1.22576381e-01   3.91316219e-01   4.86107384e-01   3.10581610e-10
   1.53219750e-08] , [  1.25155548e-16   2.67474793e-02   1.43521346e-02   9.58271847e-01
   6.28538940e-04] , [  2.09187974e-13   8.65786025e-01   1.26347906e-01   7.74989417e-03
   1.16174255e-04] , [  2.67694612e-13   4.60058628e-02   9.49737475e-01   4.10729701e-03
   1.49365600e-04] , [  4.65319033e-84   2.20817293e-03   9.96224972e-01   1.24686336e-03
   3.19991593e-04] , [  3.66042336e-08   1.21099696e-11   9.95040535e-01   2.44305909e-11
   4.95942827e-03] , [  2.74287071e-16   3.28087285e-02   9.53714586e-01   1.33313965e-02
   1.45288826e-04] , [  1.50721278e-02   1.13639075e-02   7.58017046e-02   8.97706367e-01
   5.58931539e-05] , [  6.27124264e-07   7.03782755e-10   9.98991428e-01   1.49596786e-09
   1.00794231e-03] , [  9.33791944e-04   8.54845519e-04   9.80116826e-01   1.80083744e-02
   8.61622345e-05] , [  1.12643042e-08   2.03015356e-13   9.97011524e-01   3.82325022e-13
   2.98846473e-03] , [  1.65688391e-15   3.14301605e-02   9.67382879e-01   1.10726588e-03
   7.96948409e-05] , [  2.06386658e-84   3.65913537e-02   9.62789420e-01   4.53214725e-04
   1.66011690e-04] , [  3.34118472e-84   3.81884029e-02   9.52036860e-01   9.66719116e-03
   1.07546126e-04] , [  5.11936561e-17   2.13774904e-03   9.94999021e-01   1.85921550e-03
   1.00401434e-03] , [  3.23142502e-13   9.26675101e-01   7.33244604e-02   6.77431445e-08
   3.70411110e-07] , [  1.06611314e-03   2.84233907e-08   9.86708610e-01   5.73946303e-05
   1.21678540e-02] , [  4.06864585e-08   2.51038219e-13   9.98124778e-01   4.02914756e-13
   1.87518137e-03] , [  2.07887460e-06   1.40493372e-09   3.65106782e-01   4.54480716e-07
   6.34890683e-01] , [  1.64033841e-13   8.91318783e-01   1.03199618e-01   5.30588267e-03
   1.75715880e-04] , [  1.18355121e-03   1.15630976e-03   9.95027584e-01   2.55882741e-03
   7.37274369e-05] , [  5.36138044e-13   1.62755310e-02   7.05092536e-03   9.75864449e-01
   8.09094654e-04] , [  3.98864073e-08   1.14056576e-11   9.96676423e-01   2.35763728e-11
   3.32353686e-03] , [  2.17741718e-73   2.48855684e-02   9.74418786e-01   4.04930154e-04
   2.90715070e-04] , [  8.44619122e-03   7.26402051e-01   2.55886527e-01   9.21363550e-03
   5.15946445e-05] , [  1.75532317e-17   1.18585119e-04   9.85619511e-01   1.89797839e-05
   1.42429242e-02] , [  1.17897667e-04   1.08396563e-02   9.88131542e-01   7.49309210e-04
   1.61594609e-04] , [  1.14635098e-14   9.08240075e-01   7.46299300e-02   1.68753336e-02
   2.54661071e-04] , [  2.97860941e-17   1.56075395e-02   9.59820869e-01   2.43442858e-02
   2.27305356e-04] , [  6.45575257e-17   1.47685947e-02   9.83416452e-01   1.76990917e-03
   4.50444027e-05] , [  6.84269564e-21   4.73313088e-02   9.50425423e-01   8.15340728e-04
   1.42792775e-03] , [  1.92134178e-03   8.49675509e-02   6.85789448e-02   8.44350060e-01
   1.82102106e-04] , [  4.10077489e-86   7.39065795e-02   9.22144556e-01   6.41597037e-04
   3.30726749e-03] , [  4.19434622e-84   2.05824584e-02   9.77788567e-01   1.59315612e-03
   3.58186201e-05] , [  2.68316956e-81   9.32811988e-01   6.71875694e-02   4.64836646e-08
   3.95714592e-07] , [  8.20647102e-84   8.52525272e-01   1.42012645e-01   5.37840114e-03
   8.36822711e-05] , [  1.11247536e-05   2.66368888e-05   9.97282573e-01   1.49360136e-05
   2.66472918e-03] , [  2.26030627e-16   3.84918112e-02   9.59756784e-01   1.72931579e-03
   2.20892089e-05] , [  2.45947109e-03   1.21038354e-02   4.83438559e-02   9.36912313e-01
   1.80524434e-04] , [  1.28474266e-14   8.77207792e-01   1.16644970e-01   5.90709641e-03
   2.40142194e-04] , [  2.14385073e-03   4.54612687e-03   2.27209088e-02   9.70289260e-01
   2.99853472e-04] , [  9.22740275e-04   7.96880590e-04   9.81333438e-01   1.68493907e-02
   9.75507954e-05] , [  5.94382940e-16   4.50060004e-02   9.50963021e-01   3.87382470e-03
   1.57153960e-04] , [  4.99422710e-84   1.40119647e-02   5.89211125e-03   9.79141612e-01
   9.54311683e-04] , [  6.73639585e-06   3.55019385e-08   5.75636629e-01   2.92483841e-07
   4.24356306e-01] , [  2.39286747e-06   8.23957254e-07   8.47714577e-01   9.13564333e-06
   1.52273071e-01] , [  3.05259324e-04   9.18347134e-03   9.89405088e-01   1.06941409e-03
   3.67674108e-05] , [  1.36357441e-16   8.74598370e-01   1.07437137e-01   1.78607842e-02
   1.03708881e-04] , [  1.09339639e-07   5.15070516e-10   9.94497046e-01   1.35863618e-09
   5.50284276e-03] , [  3.73061976e-84   2.50009332e-02   9.73356961e-01   1.58115683e-03
   6.09490460e-05] , [  1.14484612e-03   1.50774034e-02   9.69053080e-01   1.47147473e-02
   9.92331448e-06] , [  5.09714256e-04   1.24710828e-02   9.85767387e-01   1.16843810e-03
   8.33782789e-05] , [  7.62737358e-06   3.34841826e-05   9.93817973e-01   1.46691727e-05
   6.12624603e-03] , [  4.85276132e-84   1.77632942e-02   9.79836435e-01   2.36578761e-03
   3.44834046e-05] , [  1.31912228e-06   7.15004680e-07   5.70247115e-01   9.11049030e-06
   4.29741740e-01] , [  2.58503335e-13   3.89995699e-02   9.59424690e-01   1.41803658e-03
   1.57704053e-04] , [  1.05017446e-15   8.63427373e-01   1.21284759e-01   1.52355212e-02
   5.23467006e-05] , [  2.18324502e-03   2.25515850e-04   9.68373083e-01   2.90348777e-02
   1.83278264e-04] , [  1.83372186e-03   7.16146070e-01   2.74100540e-01   7.85645236e-03
   6.32156432e-05] , [  1.21626580e-03   2.80848364e-08   9.88217692e-01   5.78535047e-05
   1.05081608e-02] , [  1.37176187e-05   7.02318605e-07   9.56660029e-01   1.03336392e-05
   4.33152174e-02] , [  8.78147508e-17   8.63850526e-01   1.30392598e-01   5.65345237e-03
   1.03424079e-04] , [  1.99261093e-73   8.28701007e-01   1.68035258e-01   3.12690247e-03
   1.36832945e-04] , [  1.37543657e-06   6.52064206e-09   4.58972560e-01   3.03422821e-06
   5.41023024e-01] , [  1.28045283e-02   1.16792765e-02   6.88292400e-02   9.06617960e-01
   6.89948181e-05] , [  6.19701071e-04   7.86857162e-04   9.96461488e-01   1.91978538e-03
   2.12167945e-04] , [  6.56686673e-05   8.00153998e-07   9.63145025e-01   1.25356852e-05
   3.67759707e-02] , [  3.32625860e-83   3.80620669e-02   9.61931875e-01   1.48050209e-06
   4.57801428e-06] , [  2.11685515e-16   9.36992597e-03   9.74454862e-01   1.60699536e-02
   1.05258884e-04] , [  5.17720013e-84   4.44417366e-02   9.55545837e-01   1.66112462e-06
   1.07652516e-05] , [  9.90595127e-08   6.49675474e-08   1.10975323e-01   2.77361353e-07
   8.89024236e-01] , [  1.87509159e-13   3.12939827e-02   9.58810614e-01   9.83412711e-03
   6.12759644e-05] , [  5.27341119e-13   1.42383332e-03   9.47019512e-01   5.12650322e-02
   2.91622073e-04] , [  7.91826040e-86   1.63709950e-07   9.13926858e-01   4.83944187e-05
   8.60245834e-02] , [  3.13004748e-04   6.08848444e-03   9.92713783e-01   8.30004312e-04
   5.47235514e-05] , [  1.68225971e-03   1.09227190e-02   9.86030227e-01   1.32552719e-03
   3.92671376e-05] , [  1.69920076e-04   8.21533598e-04   9.96910852e-01   2.03744947e-03
   6.02446563e-05] , [  1.63070867e-03   1.31864794e-02   9.83800492e-01   1.32174185e-03
   6.05781445e-05] , [  7.62737358e-06   3.34841826e-05   9.93817973e-01   1.46691727e-05
   6.12624603e-03] , [  2.55219501e-85   4.37694274e-02   9.54240426e-01   1.80833371e-03
   1.81813236e-04] , [  1.50290019e-14   1.75089977e-02   9.81773031e-01   5.45196168e-04
   1.72774940e-04] , [  1.11096423e-83   4.00636346e-02   9.59930440e-01   1.68415216e-06
   4.24135827e-06] , [  6.34401403e-03   1.67575092e-02   9.59204848e-01   1.76862934e-02
   7.33517527e-06] , [  1.64711390e-07   7.08136310e-10   9.97788139e-01   1.33112822e-09
   2.21169458e-03] , [  3.00653966e-03   1.49084771e-02   7.31799048e-03   9.73896617e-01
   8.70376085e-04] , [  7.35569101e-22   4.38851470e-14   9.83044265e-01   4.12796752e-14
   1.69557349e-02] , [  1.10496417e-07   1.19175038e-11   9.98835302e-01   2.41643552e-11
   1.16458703e-03] , [  1.36166841e-07   7.84119186e-08   1.03842241e-01   2.80925239e-07
   8.96157264e-01] , [  5.57674232e-75   1.41144180e-05   9.45865867e-01   5.27195321e-06
   5.41147463e-02] , [  7.19120880e-85   2.25161111e-03   9.96653867e-01   6.87043709e-04
   4.07478460e-04] , [  1.41636258e-03   1.58618311e-02   9.78866872e-01   3.78513528e-03
   6.97991075e-05] , [  3.66731118e-84   2.10200122e-02   9.76633346e-01   2.29189616e-03
   5.47459021e-05] , [  1.98593133e-07   5.17679590e-08   7.84508681e-02   2.55489220e-07
   9.21548626e-01] , [  3.37477440e-16   2.81118407e-03   9.94502719e-01   2.54937257e-03
   1.36724261e-04] , [  7.75220995e-05   1.18030863e-02   9.68629222e-01   1.94572231e-02
   3.29467518e-05] , [  1.85534612e-03   1.80429285e-02   9.76158579e-01   3.85289423e-03
   9.02520068e-05] , [  2.10434307e-16   3.10411885e-02   9.67808873e-01   9.20040679e-04
   2.29897828e-04] , [  1.91583899e-03   9.27178305e-01   5.80805843e-02   1.25373282e-02
   2.87943953e-04] , [  1.58531119e-16   7.48749957e-01   2.40939762e-01   1.01591742e-02
   1.51106396e-04] , [  8.38030559e-15   2.87119155e-02   9.71284301e-01   2.13435631e-06
   1.64902804e-06] , [  7.58391650e-17   8.97181273e-01   9.04114968e-02   1.22531825e-02
   1.54047471e-04] , [  5.32304441e-03   1.42527122e-02   9.78892285e-01   1.44700822e-03
   8.49505525e-05] , [  9.61123085e-06   7.60921385e-07   9.55846356e-01   3.64419364e-06
   4.41396278e-02] , [  5.74153505e-16   1.14278530e-02   6.15260945e-03   9.81567003e-01
   8.52534980e-04] , [  2.50715979e-05   4.24618671e-05   9.87914492e-01   1.78599396e-05
   1.20001144e-02] , [  1.03110142e-04   1.49085661e-03   9.96403788e-01   1.90076116e-03
   1.01483905e-04] , [  8.79828769e-04   1.54747617e-02   9.69115122e-01   1.45168793e-02
   1.34085190e-05] , [  1.54242935e-13   3.63974658e-02   9.62578323e-01   9.12882929e-04
   1.11328432e-04] , [  6.95310222e-17   2.64726254e-02   9.72097767e-01   9.77615076e-04
   4.51992684e-04] , [  1.32165416e-04   1.44171019e-03   9.95236598e-01   2.28429168e-03
   9.05234338e-04] , [  5.78210998e-16   1.37835143e-02   4.78911589e-03   9.80115021e-01
   1.31234916e-03] , [  7.79133293e-05   2.02501751e-02   9.75819184e-01   3.32598116e-03
   5.26746083e-04] , [  3.36952432e-05   8.00025699e-09   6.98499704e-01   4.82477010e-06
   3.01461768e-01] , [  1.97761358e-04   1.52616888e-02   9.82659332e-01   1.11460997e-03
   7.66608102e-04] , [  1.33349465e-05   7.87480461e-08   5.67626581e-01   4.79427467e-07
   4.32359526e-01] , [  6.45619134e-85   9.06101265e-01   8.50784604e-02   8.65149962e-03
   1.68775385e-04] , [  3.67483717e-07   8.88378524e-06   9.02969681e-01   3.80227188e-05
   9.69830446e-02] , [  6.89869412e-84   3.83233384e-02   9.52690661e-01   8.29086886e-03
   6.95131477e-04] , [  1.05294561e-03   1.37836731e-02   9.83770324e-01   1.29294154e-03
   1.00116194e-04] , [  1.82277312e-10   9.56126885e-05   9.91655107e-01   1.12068836e-05
   8.23807318e-03] , [  4.05151642e-84   9.21637685e-01   6.26050432e-02   1.55530976e-02
   2.04173934e-04] , [  3.22534169e-04   5.03587916e-03   9.93773992e-01   8.32097561e-04
   3.54971578e-05] , [  1.77447932e-17   1.17349496e-04   9.86997239e-01   1.90327123e-05
   1.28663786e-02] , [  6.07901798e-05   3.12984136e-05   9.89866952e-01   1.73296884e-05
   1.00236299e-02] , [  2.75533229e-02   2.16179814e-02   9.20250072e-01   3.05573610e-02
   2.12628646e-05] , [  2.45329397e-02   1.09414841e-02   9.64525459e-01   7.50106294e-09
   1.09833678e-07] , [  9.45917653e-84   7.82025225e-01   2.09060318e-01   8.78648841e-03
   1.27969246e-04] , [  3.00306783e-02   1.42270539e-02   9.55738442e-01   2.93414575e-06
   8.92007184e-07] , [  7.35102931e-84   4.71938780e-02   9.51637571e-01   9.93606537e-04
   1.74944220e-04] , [  7.92807040e-17   2.88125015e-02   9.69671609e-01   6.73516603e-04
   8.42373159e-04] , [  4.49234257e-05   5.09564203e-06   9.94014018e-01   5.45283732e-05
   5.88143469e-03] , [  1.41377031e-17   5.64927305e-02   9.41511014e-01   1.80152509e-03
   1.94730271e-04] , [  7.40756190e-04   1.73319445e-03   9.95053012e-01   2.39258191e-03
   8.04554291e-05] , [  4.25479237e-16   1.73241205e-02   9.79412603e-01   3.21392394e-03
   4.93521115e-05] , [  1.54146149e-09   1.22182428e-06   9.48102834e-01   6.88659497e-06
   5.18890561e-02] , [  1.41073643e-72   2.44413945e-02   9.74594291e-01   7.35800761e-04
   2.28513337e-04] , [  9.63163829e-16   8.42009704e-01   1.50294164e-01   7.61981783e-03
   7.63136195e-05] , [  7.50304994e-85   8.72452597e-01   1.23434297e-01   3.99937794e-03
   1.13727575e-04] , [  1.42124483e-04   1.32927046e-03   9.95463030e-01   2.13974323e-03
   9.25831703e-04] , [  9.31014880e-16   8.79220820e-01   9.86083997e-02   2.20896580e-02
   8.11222368e-05] , [  8.19978170e-15   3.80475537e-02   9.61946426e-01   2.94029482e-06
   3.07986099e-06] , [  2.14917472e-73   8.88422387e-01   1.08350940e-01   2.96973164e-03
   2.56941218e-04] , [  1.88690356e-71   3.69016265e-02   9.55614809e-01   7.41698191e-03
   6.65826464e-05] , [  9.35789584e-04   1.71489979e-02   9.79941058e-01   1.33602844e-03
   6.38126269e-04] , [  3.45439378e-08   2.74088757e-13   9.97976116e-01   4.27199821e-13
   2.02384971e-03] , [  1.06745348e-16   1.21915668e-02   5.15649866e-03   9.81041918e-01
   1.61001633e-03] , [  3.86159762e-03   2.07575476e-02   9.49373241e-01   2.59653613e-02
   4.22520341e-05] , [  2.82314444e-09   1.43252164e-02   9.83788372e-01   1.84610021e-03
   4.03087203e-05] , [  1.37364004e-87   2.89999317e-07   5.41455266e-02   2.34567806e-07
   9.45853949e-01] , [  2.34757019e-04   9.42389061e-03   9.89237116e-01   1.05462045e-03
   4.96155456e-05] , [  1.34458589e-02   1.41464835e-02   9.72402232e-01   2.80863455e-06
   2.61691909e-06] , [  2.01555393e-17   9.08122364e-01   7.94163532e-02   1.03477723e-02
   2.11351010e-03] , [  9.94827737e-85   8.67032756e-02   9.11043716e-01   2.18004625e-03
   7.29617893e-05] , [  1.04784519e-04   9.98013588e-03   9.87869078e-01   2.03614484e-03
   9.85694078e-06] , [  1.27734053e-06   3.25460766e-07   6.78978859e-01   2.49195120e-06
   3.21017046e-01] , [  4.65070361e-04   1.47854931e-03   9.94703336e-01   2.47222118e-03
   8.80823327e-04] , [  9.60315862e-17   3.09391926e-02   9.68228914e-01   7.27226217e-04
   1.04667043e-04] , [  1.85851719e-84   5.97332008e-02   9.38565847e-01   1.65624998e-03
   4.47019047e-05] , [  4.98559998e-08   1.31251773e-11   9.98067083e-01   2.07606447e-11
   1.93286703e-03] , [  3.37773673e-18   1.00707199e-04   9.88632319e-01   1.06801365e-05
   1.12562934e-02] , [  4.60113386e-81   9.57241492e-01   4.27582984e-02   1.79030414e-08
   1.91875012e-07] , [  2.51448553e-17   1.10757179e-04   9.93662711e-01   1.32675393e-05
   6.21326390e-03] , [  1.57827297e-04   4.45887412e-04   9.62962569e-01   3.59292429e-02
   5.04473053e-04] , [  4.55634632e-17   2.92748348e-03   9.94784943e-01   2.02153088e-03
   2.66042926e-04] , [  3.17353699e-84   4.28223513e-02   9.56063007e-01   8.53077461e-04
   2.61564117e-04] , [  3.65250119e-04   4.26800026e-04   9.86631564e-01   1.24907564e-02
   8.56293319e-05] , [  4.05588444e-16   4.13638387e-02   9.48483005e-01   1.01367126e-02
   1.64432555e-05] , [  6.26286042e-04   1.19249586e-03   9.96145064e-01   1.88023447e-03
   1.55919585e-04] , [  2.29750334e-84   2.14852631e-02   9.56226100e-01   2.21331315e-02
   1.55504904e-04] , [  7.39188079e-17   3.17617927e-02   9.67378971e-01   7.17860071e-04
   1.41376174e-04] , [  7.02891649e-17   2.06723829e-02   9.78483921e-01   7.68030647e-04
   7.56649533e-05] , [  6.50313900e-17   1.72362328e-02   9.81810906e-01   7.92433989e-04
   1.60426964e-04] , [  3.39860421e-01   6.01378297e-01   5.87611714e-02   1.76618281e-08
   9.25521189e-08] , [  3.14250470e-14   1.41577849e-02   6.26559477e-03   9.77945657e-01
   1.63096366e-03] , [  1.02692498e-04   1.43267974e-02   9.83500058e-01   1.19873895e-03
   8.71713670e-04] , [  2.21751821e-84   1.13591854e-02   1.12222052e-02   9.76988978e-01
   4.29631830e-04] , [  8.35209343e-16   4.37293007e-02   2.38360317e-02   9.31894709e-01
   5.39958438e-04] , [  2.96147240e-04   1.10897514e-02   9.87491048e-01   1.06638982e-03
   5.66639941e-05] , [  1.41034487e-72   2.44408936e-02   9.74594809e-01   7.35777043e-04
   2.28520859e-04] , [  4.31109797e-02   9.98916954e-03   9.46899790e-01   7.51621516e-09
   5.28092164e-08] , [  4.29408625e-04   2.60253826e-02   9.69525646e-01   3.79434586e-03
   2.25216878e-04] , [  4.37751550e-18   9.77812126e-05   9.91555005e-01   1.07932907e-05
   8.33642027e-03] , [  1.71545893e-03   5.81716118e-04   9.95679747e-01   1.98591583e-03
   3.71618605e-05] , [  5.66471360e-07   7.73851080e-08   1.50880633e-01   3.17689122e-07
   8.49118406e-01] , [  4.47237479e-13   8.68990305e-01   1.22469009e-01   8.43491070e-03
   1.05775943e-04] , [  2.67336527e-03   8.05462831e-02   8.35603414e-02   8.33100532e-01
   1.19478042e-04] , [  1.03200812e-04   1.49072753e-03   9.96403839e-01   1.90085063e-03
   1.01382296e-04] , [  2.84339912e-05   1.68797920e-02   9.81478446e-01   6.56585372e-04
   9.56742505e-04] , [  1.54325877e-09   1.22175457e-06   9.48153364e-01   6.88720132e-06
   5.18385256e-02] , [  4.54208071e-04   2.16424793e-02   9.62228670e-01   1.55364713e-02
   1.38170964e-04] , [  4.93404378e-16   4.38934559e-02   9.55037679e-01   8.96803836e-04
   1.72060859e-04] , [  6.32109621e-86   3.79187864e-02   9.59959109e-01   4.93352403e-04
   1.62875243e-03] , [  1.11880639e-04   8.31316582e-01   1.58784579e-01   9.55882552e-03
   2.28132123e-04] , [  1.32196485e-08   4.04907601e-09   1.74293394e-01   4.16680908e-07
   8.25706172e-01] , [  5.35062051e-84   8.30723775e-04   9.77280832e-01   2.12918263e-02
   5.96618064e-04] , [  1.03100615e-06   5.37588317e-10   9.99547229e-01   1.52503113e-09
   4.51738086e-04] , [  9.19108884e-15   8.97340665e-01   9.63997759e-02   5.89504457e-03
   3.64514398e-04] , [  9.78273262e-05   1.32921019e-02   9.83820578e-01   2.76953149e-03
   1.99613606e-05] , [  3.77161019e-54   1.55025724e-04   9.78156845e-01   1.82520092e-05
   2.16698774e-02] , [  5.98232123e-85   2.46240763e-02   9.72682533e-01   2.55638306e-03
   1.37007701e-04] , [  2.13462276e-04   7.70451916e-01   2.19857800e-01   9.37995523e-03
   9.68662169e-05] , [  4.43758710e-86   4.50225219e-03   9.90525532e-01   1.30404456e-03
   3.66817110e-03] , [  5.06429199e-03   1.41075521e-02   1.02723073e-02   9.70080390e-01
   4.75458569e-04] , [  2.29618446e-17   1.13765407e-04   9.90349285e-01   1.92048816e-05
   9.51774433e-03] , [  4.11151041e-03   1.75304912e-02   9.61018619e-01   1.73272552e-02
   1.21238736e-05] , [  1.10713297e-18   1.10278962e-04   9.56832765e-01   1.44474387e-05
   4.30425083e-02] , [  1.05453464e-17   1.33607207e-07   9.31330130e-01   6.88808324e-05
   6.86008554e-02] , [  2.26047123e-17   9.32898936e-05   9.93740826e-01   1.91056744e-05
   6.14677804e-03] , [  2.77012416e-18   9.11474002e-01   6.80513221e-02   2.02735005e-02
   2.01174893e-04] , [  4.25197797e-16   4.46380332e-02   9.51430806e-01   3.75212143e-03
   1.79039343e-04] , [  6.27027119e-85   2.51589827e-03   9.95385372e-01   1.35129863e-03
   7.47430726e-04] , [  1.18147841e-83   1.81081880e-02   9.84894068e-03   9.71494530e-01
   5.48341072e-04] , [  4.21683703e-05   5.39931085e-08   9.66977911e-01   6.94286391e-05
   3.29104376e-02] , [  2.47092215e-21   4.17155397e-14   9.70751273e-01   4.96130441e-14
   2.92487272e-02] , [  5.13042327e-04   9.75811416e-03   9.80875557e-01   8.48297998e-03
   3.70306358e-04] , [  1.02471731e-72   2.10284101e-02   9.78024348e-01   7.25455954e-04
   2.21786168e-04] , [  4.31572613e-05   4.98261665e-07   9.99049024e-01   4.58754992e-04
   4.48565864e-04] , [  5.27677117e-85   2.26613904e-02   9.75955096e-01   1.28273411e-03
   1.00779706e-04] , [  9.36347314e-03   5.26083082e-03   1.37708422e-02   9.71226064e-01
   3.78789396e-04] , [  1.47434834e-05   9.69490330e-03   9.73002806e-01   1.69081657e-02
   3.79381483e-04] , [  2.07740247e-18   8.10088707e-09   1.41495954e-01   5.83635255e-07
   8.58503454e-01] , [  1.28309204e-02   5.31487911e-03   2.93876708e-02   9.52318334e-01
   1.48195242e-04] , [  1.50088740e-06   5.96919767e-10   9.99326993e-01   1.63834226e-09
   6.71503580e-04] , [  2.70310082e-85   4.97586872e-02   9.49154920e-01   4.89914973e-04
   5.96477606e-04] , [  1.26504118e-03   6.02472885e-04   9.96120992e-01   1.95734570e-03
   5.41485861e-05] , [  8.14579375e-15   9.22149079e-01   6.07361500e-02   1.67308243e-02
   3.83946981e-04] , [  1.74987195e-03   1.64849124e-02   9.79364894e-01   2.36538419e-03
   3.49374574e-05] , [  1.31779270e-07   1.17165357e-11   9.99046216e-01   2.44015132e-11
   9.53652675e-04] , [  2.19802355e-19   7.31822420e-09   1.08613335e-01   4.54332049e-07
   8.91386204e-01] , [  7.73184647e-05   8.13457314e-04   9.97553526e-01   1.43172692e-03
   1.23971291e-04] , [  9.13470648e-84   8.26203974e-01   1.70100519e-01   3.64222110e-03
   5.32864747e-05] , [  7.39546271e-86   1.48806076e-06   9.40430986e-01   4.55018277e-06
   5.95629755e-02] , [  1.09429994e-06   6.35667361e-08   3.88922052e-01   3.25405346e-07
   6.11076465e-01] , [  3.27868196e-16   2.28188215e-02   9.66018297e-01   1.11420512e-02
   2.08304809e-05] , [  7.83163474e-05   7.86662004e-07   9.69602528e-01   1.26587329e-05
   3.03057101e-02] , [  5.35288300e-17   2.08940730e-02   9.75393441e-01   3.54533369e-03
   1.67152519e-04] , [  4.90070845e-84   4.02304333e-02   9.58427528e-01   6.02919211e-04
   7.39119780e-04] , [  5.57593777e-16   2.10299212e-02   9.76630769e-01   2.28593445e-03
   5.33753894e-05] , [  8.57085121e-18   1.22125238e-06   9.45960479e-01   6.38342707e-06
   5.40319161e-02] , [  2.27301830e-04   9.54586625e-03   9.89115780e-01   1.05656302e-03
   5.44892662e-05] , [  5.28765853e-16   2.80417274e-02   9.71233850e-01   6.63721384e-04
   6.07010341e-05] , [  1.64243331e-13   1.35988699e-03   9.88045875e-01   1.04720931e-02
   1.22144866e-04] , [  4.18067480e-03   3.07740893e-03   9.83993879e-01   8.72564415e-03
   2.23934828e-05] , [  1.35743853e-05   4.45853046e-08   9.38076060e-01   4.67733857e-05
   6.18635481e-02] , [  5.38420377e-13   3.14651842e-02   2.97102062e-02   9.38654386e-01
   1.70223769e-04] , [  2.18011476e-05   3.04839890e-06   9.89040642e-01   4.19190854e-05
   1.08925891e-02] , [  4.06807779e-84   2.47818467e-02   9.73575122e-01   1.58786089e-03
   5.51706906e-05] , [  3.48500084e-08   2.73859629e-13   9.97996188e-01   4.27414486e-13
   2.00377727e-03] , [  8.28816744e-17   8.57251303e-01   1.38382312e-01   4.22251508e-03
   1.43869204e-04] , [  1.58654390e-16   8.03156845e-01   1.92624445e-01   4.15742896e-03
   6.12806017e-05] , [  2.44577433e-09   3.49233696e-09   1.80312866e-01   3.35964379e-07
   8.19686792e-01] , [  1.40668708e-04   6.81411257e-04   9.85538207e-01   1.35280748e-02
   1.11638439e-04] , [  6.99663081e-85   2.63214886e-02   9.72829270e-01   3.48779844e-04
   5.00461363e-04] , [  2.40227582e-16   3.03443556e-02   9.68867417e-01   6.38083234e-04
   1.50144149e-04] , [  6.04879462e-85   2.50237359e-02   9.74346022e-01   5.46440782e-04
   8.38012327e-05] , [  4.55532058e-86   3.37853795e-03   9.93703399e-01   9.49526824e-04
   1.96853672e-03] , [  4.16735512e-16   1.85314231e-02   9.59286786e-01   2.20051278e-02
   1.76662970e-04] , [  1.40595643e-15   1.47260476e-02   1.02460122e-02   9.74539848e-01
   4.88092278e-04] , [  3.41123505e-03   1.31283652e-01   8.65303807e-01   6.65465393e-07
   6.40710247e-07] , [  6.26128022e-04   1.33664896e-03   9.94815423e-01   2.73192074e-03
   4.89879251e-04] , [  5.25292704e-03   6.10245172e-04   9.54647696e-01   3.94772046e-02
   1.19274031e-05] , [  2.20329667e-72   9.20111827e-01   6.31918289e-02   1.64953225e-02
   2.01021808e-04] , [  2.12897089e-16   4.18807337e-02   9.54796781e-01   3.19252124e-03
   1.29964037e-04] , [  5.31777459e-16   3.67477287e-02   9.62235439e-01   9.05615204e-04
   1.11217326e-04] , [  4.92732946e-17   3.65141717e-02   9.51910003e-01   1.15438902e-02
   3.19349559e-05] , [  2.42422196e-03   1.00633280e-03   9.75721318e-01   2.07163877e-02
   1.31739396e-04] , [  6.82186900e-85   3.48163906e-02   9.63771699e-01   4.79130952e-04
   9.32779492e-04] , [  4.28922219e-84   3.69146106e-02   9.61816254e-01   8.73375771e-04
   3.95759239e-04] , [  1.05565012e-04   1.46368814e-02   9.82642686e-01   2.58617495e-03
   2.86931756e-05] , [  5.35198105e-05   1.25510797e-02   9.85726718e-01   1.07306676e-03
   5.95615353e-04] , [  2.41289538e-06   6.47280560e-08   5.47165489e-01   3.68805868e-07
   4.52831665e-01] , [  1.06965475e-05   9.60002792e-01   3.99856538e-02   6.54170215e-08
   7.91889940e-07] , [  1.93787515e-85   6.50886405e-02   9.32133783e-01   2.21268653e-03
   5.64889667e-04] , [  5.13609192e-18   3.68783960e-03   9.91193378e-01   1.82395479e-03
   3.29482718e-03] , [  2.09266910e-86   7.33785957e-05   9.78379271e-01   7.18391227e-06
   2.15401665e-02] , [  3.43306119e-14   5.29841868e-02   9.43573217e-01   3.34020681e-03
   1.02389860e-04] , [  2.91421129e-05   2.05940669e-06   9.87807129e-01   4.42371968e-05
   1.21174325e-02] , [  6.57129916e-17   7.80599438e-03   9.78564081e-01   1.35596560e-02
   7.02684135e-05] , [  1.69039335e-03   1.00146687e-02   9.87290235e-01   9.71925794e-04
   3.27770798e-05] , [  7.62314524e-84   5.55691589e-02   9.41385239e-01   2.88024562e-03
   1.65356634e-04] , [  4.62077675e-06   7.28299585e-07   7.84859075e-01   1.09324778e-05
   2.15124644e-01] , [  1.25344124e-16   1.76149511e-02   9.17728088e-03   9.71527430e-01
   1.68033788e-03] , [  4.49608578e-06   1.98484815e-02   9.79299368e-01   7.12384922e-04
   1.35269773e-04] , [  3.28098761e-84   2.28878203e-03   9.96008128e-01   1.22528315e-03
   4.77806676e-04] , [  1.36041357e-01   1.12781212e-02   8.52680436e-01   8.38871100e-09
   7.73218772e-08] , [  1.68216974e-02   2.39639008e-04   9.47851114e-01   3.49978954e-02
   8.96546135e-05] , [  4.17962305e-84   2.84108485e-02   9.68278591e-01   3.20187009e-03
   1.08690416e-04] , [  8.55478652e-14   1.29418428e-03   9.88860362e-01   9.71351327e-03
   1.31940269e-04] , [  3.16111585e-06   9.88726394e-07   5.79703961e-01   9.93320922e-06
   4.20281956e-01] , [  4.61281172e-07   7.12732373e-07   6.93991741e-01   3.15389678e-06
   3.06003931e-01] , [  3.16976484e-05   5.34952990e-08   9.62953684e-01   6.73423167e-05
   3.69472221e-02] , [  8.57605147e-18   1.22112704e-06   9.46009793e-01   6.38355472e-06
   5.39826027e-02] , [  1.19829298e-84   9.04556296e-01   8.84699739e-02   6.79355384e-03
   1.80176717e-04] , [  1.00470656e-84   5.84908068e-04   9.81528115e-01   1.63580376e-02
   1.52893950e-03] , [  5.62753599e-16   1.46244966e-02   9.82028525e-01   3.31590683e-03
   3.10714920e-05] , [  3.72015609e-03   5.22462832e-01   4.61141191e-01   1.26300533e-02
   4.57681006e-05] , [  1.22411326e-06   2.56815940e-07   6.51421834e-01   2.42217058e-06
   3.48574263e-01] , [  2.17065107e-16   4.99339148e-02   9.47686895e-01   2.33862292e-03
   4.05669732e-05] , [  3.54534481e-17   2.63611734e-02   9.72939696e-01   5.11015576e-04
   1.88115396e-04] , [  5.10161224e-04   1.24699888e-02   9.85768065e-01   1.16849070e-03
   8.32946223e-05] ]
log_loss: 0.139926456212 

------------ 		SVC         ------------
Predict Proba:
 [ 0.00599107  0.04833156  0.88427697  0.03626236  0.02513804] , [ 0.0058661   0.04975916  0.86099634  0.06006624  0.02331217] , [ 0.00615278  0.05099922  0.87983093  0.03694959  0.02606747] , [ 0.00610921  0.05025828  0.88104397  0.03675383  0.02583471] , [ 0.00625117  0.05259572  0.87707344  0.03741633  0.02666334] , [ 0.00600028  0.04844207  0.88415058  0.03624179  0.02516528] , [ 0.00461065  0.08379419  0.87363661  0.02518251  0.01277603] , [ 0.00589012  0.04785682  0.88616061  0.03563853  0.02445391] , [ 0.0040489   0.02930771  0.89948801  0.05507757  0.01207781] , [ 0.00293022  0.03307715  0.91649668  0.04200923  0.00548672] , [ 0.00590377  0.04682385  0.88673923  0.0358371   0.02469605] , [ 0.00606613  0.04965628  0.88209697  0.03657777  0.02560284] , [ 0.01388249  0.18176976  0.67057452  0.06580157  0.06797167] , [ 0.00441351  0.18539971  0.76331642  0.03815399  0.00871636] , [ 0.00465439  0.04164193  0.91134125  0.02763222  0.01473021] , [ 0.00327492  0.04369412  0.91523257  0.03052047  0.00727792] , [ 0.00443615  0.04695936  0.91018703  0.02552404  0.01289342] , [ 0.00861517  0.21310372  0.66103421  0.10458899  0.01265791] , [ 0.00442436  0.18377372  0.76477998  0.03822436  0.00879759] , [ 0.00459666  0.07293653  0.88400939  0.02546248  0.01299494] , [ 0.00594957  0.04760847  0.88549765  0.03606004  0.02488428] , [ 0.00442854  0.04644932  0.91068666  0.02553533  0.01290015] , [ 0.01385041  0.18129004  0.67134167  0.06570129  0.06781659] , [ 0.00399589  0.05764596  0.86415954  0.06598745  0.00821117] , [ 0.01419176  0.18635545  0.66322982  0.06676747  0.06945549] , [ 0.00448263  0.04880296  0.90787453  0.02573977  0.01310011] , [ 0.00409281  0.10147219  0.84282031  0.04270991  0.00890477] , [ 0.00335837  0.04406919  0.91276887  0.03226613  0.00753744] , [ 0.01419165  0.18635388  0.66323234  0.06676714  0.06945498] , [ 0.00595438  0.04769905  0.88531119  0.0360847   0.02495068] , [ 0.00440487  0.04440136  0.9129313   0.02544794  0.01281453] , [ 0.00598498  0.04825921  0.88442933  0.03622477  0.02510171] , [ 0.01419176  0.18635545  0.66322982  0.06676747  0.06945549] , [ 0.01419176  0.18635545  0.66322982  0.06676747  0.06945549] , [ 0.00431947  0.04115505  0.9170524   0.02505138  0.0124217 ] , [ 0.00599518  0.04832633  0.88428769  0.03623742  0.02515337] , [ 0.00762591  0.07687611  0.83724877  0.04344576  0.03480346] , [ 0.01384983  0.18128134  0.67135558  0.06569946  0.06781379] , [ 0.00568438  0.14833079  0.75386703  0.08324364  0.00887416] , [ 0.00445399  0.05531124  0.9021344   0.02534042  0.01275995] , [ 0.00346591  0.07293074  0.88817817  0.02774808  0.0076771 ] , [ 0.00324347  0.04043567  0.92062524  0.02833408  0.00736155] , [ 0.00486143  0.06915161  0.81039116  0.10617957  0.00941623] , [ 0.00573138  0.05270944  0.88005952  0.03791496  0.02358471] , [ 0.01419143  0.18635059  0.66323762  0.06676645  0.06945391] , [ 0.00457364  0.06889494  0.88801203  0.02551186  0.01300753] , [ 0.00526407  0.16663022  0.78832324  0.02592072  0.01386175] , [ 0.0029922   0.04162375  0.90693459  0.0434332   0.00501625] , [ 0.01419176  0.18635545  0.66322982  0.06676747  0.06945549] , [ 0.01419176  0.18635545  0.66322982  0.06676747  0.06945549] , [ 0.00445756  0.05163788  0.9055039   0.02550184  0.01289883] , [ 0.00599478  0.04844152  0.88417824  0.03622823  0.02515722] , [ 0.00334132  0.05856036  0.88009762  0.05219025  0.00581044] , [ 0.01418826  0.18628925  0.66329843  0.06678783  0.06943623] , [ 0.00465622  0.07925606  0.87732043  0.02560766  0.01315963] , [ 0.0044513   0.0526907   0.90468723  0.02537774  0.01279303] , [ 0.00570679  0.04250811  0.8924055   0.03240801  0.02697159] , [ 0.00442546  0.05314616  0.9046097   0.02519213  0.01262655] , [ 0.00306665  0.02826916  0.93086488  0.03053082  0.00726849] , [ 0.00488833  0.0947486   0.85993559  0.02640475  0.01402273] , [ 0.01450765  0.90840611  0.00866808  0.03833492  0.03008325] , [ 0.00532664  0.03620958  0.78023477  0.1636107   0.01461831] , [ 0.01202347  0.17713241  0.66876148  0.12415366  0.01792898] , [ 0.00606652  0.04966007  0.88208835  0.03659146  0.0255936 ] , [ 0.00300086  0.02294595  0.93918494  0.02756277  0.00730549] , [ 0.00599084  0.04826308  0.88436815  0.03624259  0.02513535] , [ 0.00335532  0.05201797  0.90585925  0.03129102  0.00747644] , [ 0.01456909  0.06547954  0.04581747  0.84683944  0.02729446] , [ 0.00596927  0.04802295  0.88481993  0.03614275  0.02504511] , [ 0.002946    0.02784671  0.90948911  0.05466852  0.00504966] , [ 0.00592117  0.04713817  0.88626993  0.03592373  0.024747  ] , [ 0.00447633  0.05544054  0.901799    0.02543022  0.01285391] , [ 0.00351429  0.07005369  0.88994632  0.028591    0.00789469] , [ 0.00339997  0.0515608   0.90795221  0.02929798  0.00778904] , [ 0.00429183  0.04006038  0.91841711  0.02493074  0.01229993] , [ 0.01419176  0.18635545  0.66322982  0.06676747  0.06945549] , [ 0.00992445  0.11782437  0.77203769  0.05245006  0.04776344] , [ 0.00606614  0.04953522  0.88221848  0.03657968  0.02560048] , [ 0.015384    0.00745973  0.00383639  0.0057588   0.96756108] , [ 0.02150807  0.27203152  0.51781925  0.15915789  0.02948327] , [ 0.00276038  0.02998426  0.92367215  0.03887798  0.00470523] , [ 0.0138122   0.0597509   0.0386377   0.86342218  0.02437702] , [ 0.00595744  0.0477192   0.88527858  0.03608321  0.02496156] , [ 0.01384859  0.18126405  0.67138338  0.06569584  0.06780813] , [ 0.01487102  0.05322411  0.06846332  0.83702195  0.0264196 ] , [ 0.00631697  0.05385587  0.87504022  0.03771495  0.02707199] , [ 0.00448514  0.05476564  0.90234713  0.02548625  0.01291584] , [ 0.01444167  0.19131974  0.65656508  0.06736568  0.07030783] , [ 0.00465731  0.07914396  0.87743072  0.02561651  0.0131515 ] , [ 0.00474411  0.08240027  0.87332093  0.02599545  0.01353923] , [ 0.01419176  0.18635545  0.66322982  0.06676747  0.06945549] , [ 0.00619448  0.09774409  0.69244945  0.19451591  0.00909607] , [ 0.00458509  0.06410838  0.89231314  0.02576802  0.01322537] , [ 0.00343819  0.05334218  0.90562094  0.02974389  0.0078548 ] , [ 0.01419176  0.18635545  0.66322982  0.06676747  0.06945549] , [ 0.00546261  0.32844628  0.62342799  0.03257137  0.01009176] , [ 0.00599868  0.04846259  0.88407107  0.03625079  0.02521687] , [ 0.0033454   0.05170125  0.90826669  0.02909571  0.00759096] , [ 0.00541551  0.07618382  0.65577908  0.25452308  0.00809851] , [ 0.01479497  0.90526205  0.00909468  0.03950967  0.03133863] , [ 0.00836523  0.08036912  0.74325815  0.11945082  0.04855668] , [ 0.00297496  0.02813149  0.90995563  0.05372246  0.00521546] , [ 0.00621275  0.05213584  0.87792792  0.03725847  0.02646503] , [ 0.00413842  0.10382249  0.83903222  0.04407118  0.00893569] , [ 0.00957277  0.11161831  0.7817347   0.05113357  0.04594065] , [ 0.00592438  0.0482673   0.88620544  0.03606067  0.02354221] , [ 0.00446066  0.05514472  0.90231937  0.0253133   0.01276195] , [ 0.00524535  0.160497    0.7942699   0.02603783  0.01394991] , [ 0.00598902  0.04821159  0.88441591  0.03624585  0.02513763] , [ 0.00339774  0.05283705  0.90651413  0.0295847   0.00766637] , [ 0.00306167  0.04173267  0.89972753  0.05028734  0.00519079] , [ 0.00599306  0.04841829  0.88417505  0.03625341  0.02516018] , [ 0.00596786  0.0479377   0.88493787  0.03612178  0.02503479] , [ 0.01385041  0.18129004  0.67134167  0.06570129  0.06781659] , [ 0.00605005  0.04935987  0.88260677  0.03649549  0.02548781] , [ 0.0059878   0.04834577  0.88431157  0.03622611  0.02512874] , [ 0.00473154  0.22348496  0.72589146  0.03654975  0.00934229] , [ 0.00293177  0.02569251  0.91264471  0.05361745  0.00511356] , [ 0.00651447  0.19958492  0.70012721  0.08408455  0.00968886] , [ 0.00992694  0.11786763  0.77196926  0.0524592   0.04777698] , [ 0.00590599  0.04795008  0.8867423   0.03597703  0.0234246 ] , [ 0.00599569  0.05022252  0.88264291  0.03608694  0.02505194] , [ 0.0144511   0.90886746  0.00860922  0.03817598  0.02989624] , [ 0.01383573  0.18106311  0.67169274  0.06565317  0.06775525] , [ 0.01456993  0.06551145  0.04586039  0.84675588  0.02730235] , [ 0.00282309  0.0313346   0.92169644  0.03923376  0.0049121 ] , [ 0.00593752  0.0475893   0.88584207  0.03595263  0.02467848] , [ 0.01419176  0.18635545  0.66322982  0.06676747  0.06945549] , [ 0.00335614  0.04563121  0.91079859  0.03258629  0.00762777] , [ 0.00610745  0.05017174  0.88113463  0.03678166  0.02580452] , [ 0.01521362  0.00700177  0.003622    0.00556643  0.96859617] , [ 0.01419176  0.18635545  0.66322982  0.06676747  0.06945549] , [ 0.01493458  0.06824633  0.04958956  0.8385291   0.02870043] , [ 0.00606695  0.04966678  0.88207247  0.03657993  0.02561387] , [ 0.003974    0.02887202  0.90535344  0.04995012  0.01185042] , [ 0.00296623  0.04648766  0.90481842  0.04056903  0.00515866] , [ 0.00442962  0.05164001  0.9059543   0.02527764  0.01269843] , [ 0.00288337  0.04561525  0.91213363  0.03440507  0.00496268] , [ 0.00596786  0.0479377   0.88493787  0.03612178  0.02503479] , [ 0.0044427   0.05133862  0.90597452  0.02542244  0.01282172] , [ 0.01419176  0.18635545  0.66322982  0.06676747  0.06945549] , [ 0.00602182  0.04873685  0.88355911  0.0363844   0.02529782] , [ 0.00446129  0.05988426  0.897807    0.02518914  0.01265831] , [ 0.00599497  0.04830936  0.88423393  0.03627817  0.02518357] , [ 0.00679431  0.069767    0.54097645  0.37250092  0.00996133] , [ 0.01419176  0.18635545  0.66322982  0.06676747  0.06945549] , [ 0.00596435  0.04780082  0.88510022  0.03612562  0.02500899] , [ 0.01419176  0.18635545  0.66322982  0.06676747  0.06945549] , [ 0.01419182  0.18635406  0.66322911  0.06676701  0.06945801] , [ 0.0044309   0.04569325  0.91135698  0.02557781  0.01294106] , [ 0.00309287  0.05284755  0.89596185  0.04281542  0.00528231] , [ 0.00327686  0.04067184  0.91941422  0.02921996  0.00741711] , [ 0.01505166  0.00676477  0.00350934  0.00540501  0.96926922] , [ 0.00301807  0.03568231  0.92678582  0.02745068  0.00706311] , [ 0.00446461  0.0531139   0.90412963  0.02543675  0.01285511] , [ 0.00314768  0.0529657   0.89506255  0.04332496  0.00549911] , [ 0.0032446   0.04676694  0.91451932  0.02822767  0.00724147] , [ 0.00565852  0.15134683  0.75169648  0.08213903  0.00915914] , [ 0.0056185   0.20126415  0.75183051  0.02659456  0.01469229] , [ 0.00610615  0.05020685  0.88113072  0.03673967  0.02581661] , [ 0.00532639  0.16367123  0.79034802  0.026364    0.01429036] , [ 0.01521739  0.0561528   0.09359622  0.80668434  0.02834924] , [ 0.00574851  0.04321969  0.89124359  0.03268336  0.02710485] , [ 0.00510155  0.12385359  0.77576738  0.08545857  0.0098189 ] , [ 0.00594957  0.04760847  0.88549765  0.03606004  0.02488428] , [ 0.00439766  0.04903007  0.90877702  0.02519149  0.01260376] , [ 0.0030526   0.04192163  0.89971255  0.05018133  0.00513188] , [ 0.00718806  0.13218948  0.77039374  0.07783532  0.0123934 ] , [ 0.00433461  0.04548298  0.91285728  0.02496047  0.01236466] , [ 0.00279173  0.03142844  0.92280758  0.03802117  0.00495109] , [ 0.00510553  0.12438337  0.77473731  0.08601938  0.00975441] , [ 0.00613478  0.05069295  0.88019756  0.03695094  0.02602378] , [ 0.005883    0.04510763  0.88762018  0.03320681  0.02818238] , [ 0.00294253  0.0470626   0.91140761  0.03318341  0.00540386] , [ 0.00962815  0.11258946  0.78019719  0.05134012  0.04624509] , [ 0.004648    0.07951481  0.87718715  0.02554661  0.01310343] , [ 0.0062028   0.05186116  0.87832502  0.03722401  0.02638701] , [ 0.0034284   0.05552386  0.90227718  0.03113832  0.00763224] , [ 0.00286824  0.04581646  0.91231235  0.03408742  0.00491553] , [ 0.01419176  0.18635545  0.66322982  0.06676747  0.06945549] , [ 0.0046363   0.22273646  0.72973307  0.03376755  0.00912662] , [ 0.00408927  0.02992765  0.8987136   0.05505571  0.01221378] , [ 0.00601179  0.04870461  0.88370806  0.0363083   0.02526724] , [ 0.00598228  0.04808616  0.8846411   0.03620598  0.02508447] , [ 0.00444438  0.05167684  0.90567918  0.0253912   0.0128084 ] , [ 0.00599367  0.04839991  0.88415394  0.03626801  0.02518447] , [ 0.00567241  0.33958055  0.610533    0.03352934  0.0106847 ] , [ 0.00600528  0.04863592  0.88382917  0.03629864  0.02523099] , [ 0.00622009  0.05206774  0.87795912  0.03727374  0.0264793 ] , [ 0.00435227  0.04550618  0.91262336  0.02505723  0.01246096] , [ 0.00596407  0.04787382  0.88503732  0.03613157  0.02499323] , [ 0.00583724  0.04697336  0.88766466  0.03539302  0.02413172] , [ 0.00278843  0.03025641  0.92365296  0.03842419  0.00487802] , [ 0.00327551  0.04471944  0.91460335  0.03010296  0.00729875] , [ 0.006033    0.04907859  0.88309914  0.03640625  0.02538302] , [ 0.00450174  0.06111682  0.89618849  0.02534966  0.01284329] , [ 0.00477965  0.24755876  0.70385946  0.03476004  0.00904209] , [ 0.00473709  0.08805752  0.86810353  0.02576442  0.01333745] , [ 0.00282649  0.0316491   0.92272266  0.03766802  0.00513373] , [ 0.0046119   0.21871745  0.73020635  0.03760001  0.00886428] , [ 0.00602979  0.04892753  0.88329251  0.03638516  0.02536502] , [ 0.01444205  0.90886311  0.00861047  0.0381851   0.02989927] , [ 0.01419176  0.18635545  0.66322982  0.06676747  0.06945549] , [ 0.0159022   0.06155905  0.1249715   0.76568894  0.03187831] , [ 0.00599213  0.04829942  0.88430955  0.03623535  0.02516355] , [ 0.00610893  0.03599946  0.66569626  0.2776189   0.01457646] , [ 0.00311445  0.04240876  0.89494459  0.05413363  0.00539857] , [ 0.00614581  0.05095881  0.87991256  0.03692646  0.02605635] , [ 0.01419176  0.18635545  0.66322982  0.06676747  0.06945549] , [ 0.00444616  0.05468439  0.90292761  0.02524744  0.0126944 ] , [ 0.00954525  0.11123249  0.78251238  0.05103525  0.04567462] , [ 0.00552004  0.17807984  0.77463595  0.02688203  0.01488214] , [ 0.00359172  0.08052414  0.87796545  0.03000693  0.00791176] , [ 0.00451146  0.05622712  0.90063304  0.02559366  0.01303472] , [ 0.00572404  0.04257969  0.89188752  0.03238571  0.02742305] , [ 0.01419176  0.18635545  0.66322982  0.06676747  0.06945549] , [ 0.0044973   0.05650812  0.90056724  0.02549132  0.01293601] , [ 0.0035444   0.0704464   0.88807073  0.03002018  0.00791828] , [ 0.0059876   0.04818286  0.88445011  0.03623147  0.02514796] , [ 0.00752261  0.07508298  0.84017538  0.04302579  0.03419324] , [ 0.01419176  0.18635545  0.66322982  0.06676747  0.06945549] , [ 0.0060179   0.04880271  0.88354103  0.03633497  0.02530339] , [ 0.00643564  0.0558896   0.87161574  0.038292    0.02776702] , [ 0.00434189  0.04894299  0.90954364  0.02487372  0.01229776] , [ 0.00358703  0.08727028  0.87288366  0.02839629  0.00786273] , [ 0.01419176  0.18635545  0.66322982  0.06676747  0.06945549] , [ 0.01139177  0.17899949  0.69206279  0.06278944  0.05475652] , [ 0.00285112  0.03148112  0.92121169  0.03797367  0.0064824 ] , [ 0.00335267  0.04383615  0.91324735  0.0320189   0.00754493] , [ 0.0044745   0.05534592  0.90193634  0.02540124  0.01284199] , [ 0.00596632  0.04921513  0.88392774  0.03598968  0.02490113] , [ 0.00443218  0.05627576  0.90158883  0.02512596  0.01257727] , [ 0.00606636  0.04958963  0.88218071  0.0365764   0.02558691] , [ 0.01419176  0.18635545  0.66322982  0.06676747  0.06945549] , [ 0.00307838  0.04865712  0.90569354  0.03657993  0.00599102] , [ 0.00510597  0.03515027  0.79015256  0.15565561  0.01393559] , [ 0.00496721  0.1535184   0.76149047  0.07042046  0.00960345] , [ 0.00440135  0.05351924  0.90457985  0.02502203  0.01247752] , [ 0.00450243  0.06121272  0.8960904   0.02535014  0.0128443 ] , [ 0.00601238  0.04871154  0.88362598  0.03635511  0.02529499] , [ 0.01375076  0.18644188  0.66729987  0.06523324  0.06727425] , [ 0.00751923  0.07502244  0.84027323  0.04301158  0.03417352] , [ 0.00280982  0.03034599  0.92249738  0.03951803  0.00482878] , [ 0.01419176  0.18635545  0.66322982  0.06676747  0.06945549] , [ 0.01561691  0.07369986  0.05753658  0.82160739  0.03153926] , [ 0.00623754  0.09723992  0.6918601   0.19554693  0.0091155 ] , [ 0.0043977   0.0490312   0.9087755   0.02519166  0.01260394] , [ 0.00452659  0.05598204  0.90066561  0.02570477  0.01312099] , [ 0.00603262  0.04907221  0.88310994  0.03640447  0.02538076] , [ 0.00606454  0.05228959  0.85504004  0.06225682  0.02434901] , [ 0.00363324  0.0735461   0.88859999  0.0268019   0.00741878] , [ 0.00444686  0.05014446  0.90705702  0.02547832  0.01287333] , [ 0.01419176  0.18635545  0.66322982  0.06676747  0.06945549] , [ 0.01419176  0.18635545  0.66322982  0.06676747  0.06945549] , [ 0.00322434  0.03670014  0.92009309  0.03236646  0.00761597] , [ 0.00598003  0.04809626  0.88459751  0.03621647  0.02510973] , [ 0.01482026  0.90500302  0.00912924  0.0396049   0.03144258] , [ 0.01358129  0.18386338  0.67125991  0.06473674  0.06655867] , [ 0.01419176  0.18635545  0.66322982  0.06676747  0.06945549] , [ 0.00417396  0.02972794  0.88260745  0.07134007  0.01215058] , [ 0.01419176  0.18635545  0.66322982  0.06676747  0.06945549] , [ 0.00443661  0.04850171  0.90871563  0.02547851  0.01286755] , [ 0.0068355   0.06897137  0.54086136  0.37331638  0.01001539] , [ 0.00602011  0.04884283  0.88347387  0.03634683  0.02531636] , [ 0.00447678  0.06202823  0.89561607  0.02519954  0.01267937] , [ 0.00613541  0.05077918  0.88017054  0.03692273  0.02599214] , [ 0.00614591  0.05095417  0.87988806  0.03695491  0.02605696] , [ 0.00599503  0.04842444  0.88418349  0.03622993  0.02516711] , [ 0.01449618  0.90839327  0.008672    0.03836019  0.03007835] , [ 0.00327042  0.05279345  0.90770115  0.02907247  0.00716251] , [ 0.00437869  0.04264662  0.91483469  0.02539513  0.01274486] , [ 0.00415323  0.10173688  0.83782523  0.0475327   0.00875197] , [ 0.00599604  0.0484739   0.88408872  0.03626126  0.02518008] , [ 0.01419176  0.18635545  0.66322982  0.06676747  0.06945549] , [ 0.00430011  0.03077119  0.87491528  0.07749714  0.01251628] , [ 0.00455023  0.06713176  0.88996934  0.0254102   0.01293848] , [ 0.0077889   0.12671102  0.79041756  0.0418869   0.03319562] , [ 0.00401989  0.0290518   0.90058148  0.05439104  0.01195579] , [ 0.01421525  0.04868426  0.03749205  0.87611194  0.0234965 ] , [ 0.00451097  0.05421118  0.9024766   0.02569686  0.01310439] , [ 0.01419165  0.18635388  0.66323235  0.06676714  0.06945498] , [ 0.01457569  0.06552555  0.04586479  0.84672905  0.02730492] , [ 0.00599408  0.04839845  0.88421268  0.0362416   0.02515319] , [ 0.00442783  0.05889626  0.89916385  0.02501796  0.0124941 ] , [ 0.00455941  0.04560381  0.88365517  0.04036254  0.02581906] , [ 0.0144413   0.19131236  0.65657499  0.06736479  0.07030656] , [ 0.00351281  0.06106307  0.86776805  0.06134652  0.00630955] , [ 0.00598047  0.04806682  0.88464579  0.03620172  0.02510521] , [ 0.01538099  0.00744895  0.00383402  0.00574973  0.9675863 ] , [ 0.00441002  0.05026087  0.90747312  0.02522361  0.01263239] , [ 0.00620077  0.39369625  0.55495873  0.03371655  0.0114277 ] , [ 0.0059901   0.04843674  0.88420738  0.03622     0.02514578] , [ 0.01517586  0.00692332  0.00358687  0.00552215  0.96879181] , [ 0.00335018  0.05213834  0.90608486  0.03095039  0.00747623] , [ 0.0059492   0.04779979  0.88551252  0.03601021  0.02472827] , [ 0.00415222  0.02934405  0.88541301  0.06897661  0.0121141 ] , [ 0.0036799   0.09670488  0.86327715  0.02823912  0.00809894] , [ 0.00599111  0.04841596  0.88421238  0.03622954  0.02515101] , [ 0.01419176  0.18635545  0.66322982  0.06676747  0.06945549] , [ 0.01357599  0.18383705  0.6713301   0.06472049  0.06653637] , [ 0.00329097  0.05249601  0.9101006   0.02662701  0.00748542] , [ 0.00622099  0.05224124  0.87771518  0.03731634  0.02650626] , [ 0.00369687  0.04575849  0.88460084  0.05186429  0.0140795 ] , [ 0.00610735  0.05033512  0.88094211  0.03677774  0.02583768] , [ 0.00621752  0.07957681  0.70167153  0.20162     0.01091414] , [ 0.00590371  0.04682293  0.88674081  0.03583683  0.02469571] , [ 0.0033975   0.05279938  0.9066117   0.02951566  0.00767576] , [ 0.00599206  0.0482983   0.88431152  0.03623503  0.02516309] , [ 0.00590569  0.04852446  0.88539273  0.03566701  0.0245101 ] , [ 0.00594476  0.04920313  0.88426339  0.03584872  0.02474   ] , [ 0.01419176  0.18635545  0.66322982  0.06676747  0.06945549] , [ 0.00445928  0.04895321  0.90806275  0.02557248  0.01295227] , [ 0.00442136  0.04966984  0.90780127  0.02535444  0.01275308] , [ 0.00329571  0.04991863  0.91178445  0.02750959  0.00749162] , [ 0.00472133  0.08595878  0.87026329  0.02574428  0.01331232] , [ 0.00443511  0.04575804  0.91126656  0.02558854  0.01295175] , [ 0.0036135   0.06518482  0.88723706  0.03608103  0.0078836 ] , [ 0.00470784  0.12893293  0.78920035  0.0677574   0.00940147] , [ 0.00970517  0.11401172  0.77808409  0.05164049  0.04655853] , [ 0.00607669  0.05316415  0.8562319   0.05993689  0.02459036] , [ 0.00367135  0.04703406  0.85321991  0.0876519   0.00842278] , [ 0.00764694  0.40825893  0.53673397  0.02913398  0.01822618] , [ 0.00331458  0.05205646  0.90756477  0.02968149  0.00738271] , [ 0.01133191  0.17976907  0.69273274  0.06166443  0.05450185] , [ 0.00453485  0.06393303  0.89313609  0.02547096  0.01292507] , [ 0.005995    0.04844443  0.88396727  0.03642113  0.02517217] , [ 0.0044258   0.05294044  0.9047126   0.0252468   0.01267435] , [ 0.00352378  0.07976879  0.88096424  0.02796631  0.00777689] , [ 0.00442097  0.05309537  0.9046812   0.02518078  0.01262167] , [ 0.01419141  0.18635037  0.66323797  0.0667664   0.06945384] , [ 0.01566692  0.0076491   0.00394023  0.00602472  0.96671903] , [ 0.01419176  0.18635545  0.66322982  0.06676747  0.06945549] , [ 0.00357344  0.05867166  0.89704248  0.03260846  0.00810395] , [ 0.00434547  0.04462425  0.91349582  0.02508142  0.01245304] , [ 0.00606768  0.04960475  0.88211671  0.03660271  0.02560814] , [ 0.00655524  0.10801782  0.77500617  0.09848551  0.01193526] , [ 0.00583036  0.04562459  0.88879381  0.03549294  0.0242583 ] , [ 0.00470571  0.03305427  0.83995701  0.10883364  0.01344936] , [ 0.00291414  0.04664816  0.91098841  0.03432516  0.00512413] , [ 0.00622085  0.0520806   0.87793754  0.03727722  0.02648379] , [ 0.01418822  0.18630324  0.66331354  0.06675646  0.06943854] , [ 0.00590868  0.0360508   0.69566131  0.247764    0.0146152 ] , [ 0.00607769  0.04970525  0.88195444  0.03662124  0.02564137] , [ 0.00299904  0.0228536   0.93907641  0.02781286  0.00725809] , [ 0.00614288  0.05087534  0.88001203  0.03693038  0.02603937] , [ 0.00441229  0.046085    0.9112439   0.02544496  0.01281384] , [ 0.01384983  0.18128134  0.67135558  0.06569946  0.06781379] , [ 0.00325649  0.03079408  0.90468536  0.05380354  0.00746053] , [ 0.00615852  0.05098086  0.87960965  0.03692603  0.02632494] , [ 0.01562904  0.16355578  0.61440352  0.06191973  0.14449193] , [ 0.00601157  0.04866868  0.88371565  0.036324    0.02528011] , [ 0.01419176  0.18635545  0.66322982  0.06676747  0.06945549] , [ 0.00459374  0.07034197  0.88640575  0.02557821  0.01308034] , [ 0.0141883   0.18629121  0.66329837  0.06678552  0.0694366 ] , [ 0.0059943   0.0484739   0.88411945  0.03624343  0.02516891] , [ 0.00566859  0.14849954  0.75387213  0.08311232  0.00884742] , [ 0.00580327  0.04355237  0.88968256  0.03268009  0.02828171] , [ 0.00339006  0.06290441  0.89719965  0.02897234  0.00753354] , [ 0.00589165  0.04785705  0.886155    0.03564113  0.02445517] , [ 0.00599306  0.04841829  0.88417505  0.03625341  0.02516018] ]
log_loss: 0.557214734037 

------------ LogisticRegression ------------
Predict Proba:
 [ 0.  0.  1.  0.  0.] , [ 0.  0.  1.  0.  0.] , [ 0.  0.  1.  0.  0.] , [ 0.   0.   0.9  0.   0.1] , [ 0.  0.  1.  0.  0.] , [ 0.  0.  1.  0.  0.] , [ 0.  1.  0.  0.  0.] , [ 0.  0.  1.  0.  0.] , [ 0.  0.  1.  0.  0.] , [ 0.   0.   0.9  0.   0.1] , [ 0.  0.  1.  0.  0.] , [ 0.  0.  1.  0.  0.] , [ 0.   0.   0.9  0.   0.1] , [ 0.  1.  0.  0.  0.] , [ 0.  0.  1.  0.  0.] , [ 0.  0.  1.  0.  0.] , [ 0.  0.  1.  0.  0.] , [ 0.  1.  0.  0.  0.] , [ 0.  1.  0.  0.  0.] , [ 0.   0.3  0.7  0.   0. ] , [ 0.  0.  1.  0.  0.] , [ 0.  0.  1.  0.  0.] , [ 0.  0.  1.  0.  0.] , [ 0.  0.  1.  0.  0.] , [ 0.   0.9  0.1  0.   0. ] , [ 0.  0.  1.  0.  0.] , [ 0.  0.  0.  1.  0.] , [ 0.  0.  1.  0.  0.] , [ 0.   0.   0.5  0.   0.5] , [ 0.  0.  1.  0.  0.] , [ 0.  0.  1.  0.  0.] , [ 0.  0.  1.  0.  0.] , [ 0.   0.8  0.2  0.   0. ] , [ 0.   0.   0.9  0.   0.1] , [ 0.  0.  1.  0.  0.] , [ 0.  0.  1.  0.  0.] , [ 0.4  0.   0.6  0.   0. ] , [ 0.  0.  1.  0.  0.] , [ 0.   0.2  0.8  0.   0. ] , [ 0.   0.2  0.8  0.   0. ] , [ 0.  0.  1.  0.  0.] , [ 0.  0.  1.  0.  0.] , [ 0.  0.  1.  0.  0.] , [ 0.  0.  1.  0.  0.] , [ 0.  0.  1.  0.  0.] , [ 0.   0.9  0.1  0.   0. ] , [ 0.   0.9  0.1  0.   0. ] , [ 0.  0.  1.  0.  0.] , [ 0.2  0.   0.8  0.   0. ] , [ 0.   0.9  0.   0.   0.1] , [ 0.  0.  1.  0.  0.] , [ 0.  0.  1.  0.  0.] , [ 0.  0.  1.  0.  0.] , [ 0.  0.  1.  0.  0.] , [ 0.  1.  0.  0.  0.] , [ 0.  0.  1.  0.  0.] , [ 0.  0.  1.  0.  0.] , [ 0.  0.  1.  0.  0.] , [ 0.  0.  1.  0.  0.] , [ 0.  0.  0.  1.  0.] , [ 0.  1.  0.  0.  0.] , [ 0.  0.  0.  1.  0.] , [ 0.  1.  0.  0.  0.] , [ 0.  0.  1.  0.  0.] , [ 0.  0.  1.  0.  0.] , [ 0.  0.  1.  0.  0.] , [ 0.  0.  1.  0.  0.] , [ 0.   0.   0.1  0.9  0. ] , [ 0.  0.  1.  0.  0.] , [ 0.  0.  1.  0.  0.] , [ 0.  0.  1.  0.  0.] , [ 0.  0.  1.  0.  0.] , [ 0.  0.  1.  0.  0.] , [ 0.  0.  1.  0.  0.] , [ 0.  0.  1.  0.  0.] , [ 0.   0.7  0.3  0.   0. ] , [ 0.   0.   0.7  0.   0.3] , [ 0.  0.  1.  0.  0.] , [ 0.   0.   0.7  0.   0.3] , [ 0.  1.  0.  0.  0.] , [ 0.  0.  1.  0.  0.] , [ 0.  0.  0.  1.  0.] , [ 0.  0.  1.  0.  0.] , [ 0.  0.  1.  0.  0.] , [ 0.1  0.9  0.   0.   0. ] , [ 0.  0.  1.  0.  0.] , [ 0.  0.  1.  0.  0.] , [ 0.   0.9  0.1  0.   0. ] , [ 0.  0.  1.  0.  0.] , [ 0.  0.  1.  0.  0.] , [ 0.  0.  1.  0.  0.] , [ 0.   0.2  0.   0.8  0. ] , [ 0.   0.   0.9  0.   0.1] , [ 0.  0.  1.  0.  0.] , [ 0.   0.6  0.4  0.   0. ] , [ 0.  1.  0.  0.  0.] , [ 0.  0.  1.  0.  0.] , [ 0.  0.  1.  0.  0.] , [ 0.  0.  0.  1.  0.] , [ 0.  1.  0.  0.  0.] , [ 0.  0.  0.  1.  0.] , [ 0.  0.  1.  0.  0.] , [ 0.  0.  1.  0.  0.] , [ 0.  0.  0.  1.  0.] , [ 0.   0.   0.6  0.   0.4] , [ 0.   0.   0.9  0.   0.1] , [ 0.  0.  1.  0.  0.] , [ 0.   0.9  0.1  0.   0. ] , [ 0.  0.  1.  0.  0.] , [ 0.  0.  1.  0.  0.] , [ 0.  0.  1.  0.  0.] , [ 0.  0.  1.  0.  0.] , [ 0.  0.  1.  0.  0.] , [ 0.  0.  1.  0.  0.] , [ 0.   0.   0.7  0.   0.3] , [ 0.  0.  1.  0.  0.] , [ 0.  1.  0.  0.  0.] , [ 0.  0.  1.  0.  0.] , [ 0.  1.  0.  0.  0.] , [ 0.   0.   0.7  0.   0.3] , [ 0.  0.  1.  0.  0.] , [ 0.  1.  0.  0.  0.] , [ 0.  1.  0.  0.  0.] , [ 0.   0.   0.7  0.   0.3] , [ 0.   0.   0.1  0.9  0. ] , [ 0.  0.  1.  0.  0.] , [ 0.  0.  1.  0.  0.] , [ 0.   0.1  0.9  0.   0. ] , [ 0.  0.  1.  0.  0.] , [ 0.   0.1  0.9  0.   0. ] , [ 0.   0.   0.1  0.   0.9] , [ 0.  0.  1.  0.  0.] , [ 0.   0.   0.9  0.   0.1] , [ 0.   0.   0.9  0.   0.1] , [ 0.  0.  1.  0.  0.] , [ 0.  0.  1.  0.  0.] , [ 0.  0.  1.  0.  0.] , [ 0.  0.  1.  0.  0.] , [ 0.  0.  1.  0.  0.] , [ 0.  0.  1.  0.  0.] , [ 0.  0.  1.  0.  0.] , [ 0.   0.1  0.9  0.   0. ] , [ 0.  0.  1.  0.  0.] , [ 0.  0.  1.  0.  0.] , [ 0.  0.  0.  1.  0.] , [ 0.2  0.   0.8  0.   0. ] , [ 0.  0.  1.  0.  0.] , [ 0.   0.   0.4  0.   0.6] , [ 0.   0.   0.9  0.   0.1] , [ 0.  0.  1.  0.  0.] , [ 0.  0.  1.  0.  0.] , [ 0.  0.  1.  0.  0.] , [ 0.  0.  0.  0.  1.] , [ 0.  0.  1.  0.  0.] , [ 0.  0.  1.  0.  0.] , [ 0.  0.  1.  0.  0.] , [ 0.  0.  1.  0.  0.] , [ 0.  1.  0.  0.  0.] , [ 0.   0.4  0.6  0.   0. ] , [ 0.  0.  1.  0.  0.] , [ 0.  1.  0.  0.  0.] , [ 0.  0.  1.  0.  0.] , [ 0.  0.  1.  0.  0.] , [ 0.  0.  0.  1.  0.] , [ 0.  0.  1.  0.  0.] , [ 0.  0.  1.  0.  0.] , [ 0.  0.  1.  0.  0.] , [ 0.  0.  1.  0.  0.] , [ 0.  0.  1.  0.  0.] , [ 0.  0.  1.  0.  0.] , [ 0.  0.  0.  1.  0.] , [ 0.   0.   0.9  0.   0.1] , [ 0.   0.   0.9  0.   0.1] , [ 0.  0.  1.  0.  0.] , [ 0.   0.   0.5  0.   0.5] , [ 0.  1.  0.  0.  0.] , [ 0.  0.  1.  0.  0.] , [ 0.   0.   0.9  0.   0.1] , [ 0.  0.  1.  0.  0.] , [ 0.  0.  1.  0.  0.] , [ 0.  1.  0.  0.  0.] , [ 0.  0.  1.  0.  0.] , [ 0.  0.  1.  0.  0.] , [ 0.  0.  1.  0.  0.] , [ 0.  0.  1.  0.  0.] , [ 0.  0.  1.  0.  0.] , [ 0.   0.3  0.7  0.   0. ] , [ 0.  0.  1.  0.  0.] , [ 0.  0.  1.  0.  0.] , [ 0.  0.  1.  0.  0.] , [ 0.  0.  1.  0.  0.] , [ 0.  0.  1.  0.  0.] , [ 0.  0.  1.  0.  0.] , [ 0.  0.  1.  0.  0.] , [ 0.  0.  1.  0.  0.] , [ 0.  0.  1.  0.  0.] , [ 0.  1.  0.  0.  0.] , [ 0.  1.  0.  0.  0.] , [ 0.   0.   0.9  0.   0.1] , [ 0.  1.  0.  0.  0.] , [ 0.  0.  1.  0.  0.] , [ 0.  1.  0.  0.  0.] , [ 0.  0.  1.  0.  0.] , [ 0.  0.  1.  0.  0.] , [ 0.  0.  1.  0.  0.] , [ 0.  0.  0.  1.  0.] , [ 0.  0.  1.  0.  0.] , [ 0.  0.  1.  0.  0.] , [ 0.   0.   0.3  0.   0.7] , [ 0.  0.  1.  0.  0.] , [ 0.   0.   0.9  0.   0.1] , [ 0.   0.7  0.3  0.   0. ] , [ 0.  0.  1.  0.  0.] , [ 0.  0.  1.  0.  0.] , [ 0.   0.   0.9  0.   0.1] , [ 0.   0.   0.9  0.   0.1] , [ 0.  0.  1.  0.  0.] , [ 0.  0.  1.  0.  0.] , [ 0.  0.  1.  0.  0.] , [ 0.  0.  1.  0.  0.] , [ 0.2  0.2  0.6  0.   0. ] , [ 0.  0.  1.  0.  0.] , [ 0.  0.  1.  0.  0.] , [ 0.  0.  1.  0.  0.] , [ 0.  0.  1.  0.  0.] , [ 0.  0.  1.  0.  0.] , [ 0.  0.  1.  0.  0.] , [ 0.  0.  1.  0.  0.] , [ 0.  0.  1.  0.  0.] , [ 0.  0.  1.  0.  0.] , [ 0.  0.  1.  0.  0.] , [ 0.  0.  1.  0.  0.] , [ 0.1  0.   0.9  0.   0. ] , [ 0.  0.  0.  1.  0.] , [ 0.  0.  1.  0.  0.] , [ 0.  0.  0.  1.  0.] , [ 0.   0.2  0.1  0.7  0. ] , [ 0.  0.  1.  0.  0.] , [ 0.  0.  1.  0.  0.] , [ 0.   0.1  0.9  0.   0. ] , [ 0.  0.  1.  0.  0.] , [ 0.  0.  1.  0.  0.] , [ 0.  0.  1.  0.  0.] , [ 0.   0.   0.3  0.   0.7] , [ 0.  1.  0.  0.  0.] , [ 0.   0.2  0.   0.8  0. ] , [ 0.  0.  1.  0.  0.] , [ 0.  0.  1.  0.  0.] , [ 0.  0.  1.  0.  0.] , [ 0.   0.   0.9  0.1  0. ] , [ 0.  0.  1.  0.  0.] , [ 0.  0.  1.  0.  0.] , [ 0.   0.8  0.2  0.   0. ] , [ 0.   0.   0.2  0.   0.8] , [ 0.  0.  1.  0.  0.] , [ 0.  0.  1.  0.  0.] , [ 0.  1.  0.  0.  0.] , [ 0.  0.  1.  0.  0.] , [ 0.  0.  1.  0.  0.] , [ 0.  0.  1.  0.  0.] , [ 0.   0.8  0.2  0.   0. ] , [ 0.  0.  1.  0.  0.] , [ 0.  0.  0.  1.  0.] , [ 0.  0.  1.  0.  0.] , [ 0.   0.   0.9  0.1  0. ] , [ 0.  0.  1.  0.  0.] , [ 0.   0.   0.9  0.   0.1] , [ 0.  0.  1.  0.  0.] , [ 0.  1.  0.  0.  0.] , [ 0.  0.  1.  0.  0.] , [ 0.  0.  1.  0.  0.] , [ 0.  0.  0.  1.  0.] , [ 0.  0.  1.  0.  0.] , [ 0.2  0.1  0.7  0.   0. ] , [ 0.  0.  1.  0.  0.] , [ 0.  0.  1.  0.  0.] , [ 0.   0.   0.8  0.   0.2] , [ 0.  0.  1.  0.  0.] , [ 0.  0.  0.  1.  0.] , [ 0.  0.  1.  0.  0.] , [ 0.   0.   0.1  0.   0.9] , [ 0.  0.  0.  1.  0.] , [ 0.  0.  1.  0.  0.] , [ 0.  0.  1.  0.  0.] , [ 0.  0.  1.  0.  0.] , [ 0.   0.9  0.1  0.   0. ] , [ 0.  0.  1.  0.  0.] , [ 0.  0.  1.  0.  0.] , [ 0.   0.   0.3  0.   0.7] , [ 0.  0.  1.  0.  0.] , [ 0.  1.  0.  0.  0.] , [ 0.  0.  1.  0.  0.] , [ 0.   0.   0.2  0.   0.8] , [ 0.  0.  1.  0.  0.] , [ 0.  0.  1.  0.  0.] , [ 0.  0.  1.  0.  0.] , [ 0.  0.  1.  0.  0.] , [ 0.  0.  1.  0.  0.] , [ 0.  0.  1.  0.  0.] , [ 0.  0.  1.  0.  0.] , [ 0.  0.  1.  0.  0.] , [ 0.  0.  1.  0.  0.] , [ 0.  0.  1.  0.  0.] , [ 0.   0.   0.8  0.   0.2] , [ 0.   0.   0.1  0.9  0. ] , [ 0.  0.  1.  0.  0.] , [ 0.  0.  1.  0.  0.] , [ 0.  0.  1.  0.  0.] , [ 0.  1.  0.  0.  0.] , [ 0.  1.  0.  0.  0.] , [ 0.   0.   0.2  0.   0.8] , [ 0.  0.  1.  0.  0.] , [ 0.  0.  1.  0.  0.] , [ 0.  0.  1.  0.  0.] , [ 0.  0.  1.  0.  0.] , [ 0.  0.  1.  0.  0.] , [ 0.  0.  1.  0.  0.] , [ 0.  0.  0.  1.  0.] , [ 0.  0.  1.  0.  0.] , [ 0.  0.  1.  0.  0.] , [ 0.   0.1  0.8  0.1  0. ] , [ 0.  1.  0.  0.  0.] , [ 0.  0.  1.  0.  0.] , [ 0.  0.  1.  0.  0.] , [ 0.  0.  1.  0.  0.] , [ 0.  0.  1.  0.  0.] , [ 0.  0.  1.  0.  0.] , [ 0.  0.  1.  0.  0.] , [ 0.  0.  1.  0.  0.] , [ 0.  0.  1.  0.  0.] , [ 0.   0.   0.6  0.   0.4] , [ 0.  1.  0.  0.  0.] , [ 0.  0.  1.  0.  0.] , [ 0.  0.  1.  0.  0.] , [ 0.  0.  1.  0.  0.] , [ 0.  0.  1.  0.  0.] , [ 0.   0.   0.9  0.   0.1] , [ 0.  0.  1.  0.  0.] , [ 0.  0.  1.  0.  0.] , [ 0.  0.  1.  0.  0.] , [ 0.   0.   0.9  0.   0.1] , [ 0.  0.  0.  1.  0.] , [ 0.  0.  1.  0.  0.] , [ 0.  0.  1.  0.  0.] , [ 0.  0.  1.  0.  0.] , [ 0.   0.   0.9  0.   0.1] , [ 0.  0.  1.  0.  0.] , [ 0.  0.  1.  0.  0.] , [ 0.   0.   0.8  0.   0.2] , [ 0.   0.   0.9  0.   0.1] , [ 0.  0.  1.  0.  0.] , [ 0.  0.  1.  0.  0.] , [ 0.   0.9  0.1  0.   0. ] , [ 0.   0.   0.9  0.   0.1] , [ 0.  0.  1.  0.  0.] , [ 0.   0.5  0.5  0.   0. ] , [ 0.   0.   0.7  0.   0.3] , [ 0.  0.  1.  0.  0.] , [ 0.  0.  1.  0.  0.] , [ 0.  0.  1.  0.  0.] ]
log_loss: 0.159204436675 

