------------ LogisticRegression ------------
Predict Proba:
 [ 0.08347515  0.91652485] , [ 0.96256848  0.03743152] , [ 0.0097042  0.9902958] , [ 0.97071977  0.02928023] , [ 0.03239138  0.96760862] , [ 0.97654189  0.02345811] , [ 0.50999916  0.49000084] , [ 0.98586096  0.01413904] , [ 0.87574961  0.12425039] , [ 0.01602912  0.98397088] , [ 0.18473797  0.81526203] , [ 0.65171942  0.34828058] , [ 0.0378953  0.9621047] , [ 0.95970404  0.04029596] , [ 0.96061335  0.03938665] , [ 0.85047259  0.14952741] , [ 0.04030476  0.95969524] , [ 0.05802246  0.94197754] , [ 0.00478127  0.99521873] , [ 0.0275118  0.9724882] , [ 0.98424118  0.01575882] , [ 0.94131628  0.05868372] ]
log_loss: 0.216432598116 

------------ 		SVC         ------------
Predict Proba:
 [ 0.61680866  0.38319134] , [ 0.61680866  0.38319134] , [ 0.61680866  0.38319134] , [ 0.61686797  0.38313203] , [ 0.61680866  0.38319134] , [ 0.6168077  0.3831923] , [ 0.61680866  0.38319134] , [ 0.61680863  0.38319137] , [ 0.61680866  0.38319134] , [ 0.61680866  0.38319134] , [ 0.61680866  0.38319134] , [ 0.61680866  0.38319134] , [ 0.61680866  0.38319134] , [ 0.61679339  0.38320661] , [ 0.61680838  0.38319162] , [ 0.60837085  0.39162915] , [ 0.61680866  0.38319134] , [ 0.61680866  0.38319134] , [ 0.61680866  0.38319134] , [ 0.61680866  0.38319134] , [ 0.61680866  0.38319134] , [ 0.61680866  0.38319134] ]
log_loss: 0.743469049403 

------------ LogisticRegression ------------
Predict Proba:
 [ 0.2  0.8] , [ 0.9  0.1] , [ 0.  1.] , [ 0.8  0.2] , [ 0.3  0.7] , [ 1.  0.] , [ 0.5  0.5] , [ 0.9  0.1] , [ 0.8  0.2] , [ 0.3  0.7] , [ 0.1  0.9] , [ 0.6  0.4] , [ 0.1  0.9] , [ 0.5  0.5] , [ 0.6  0.4] , [ 0.8  0.2] , [ 0.2  0.8] , [ 0.3  0.7] , [ 0.  1.] , [ 0.  1.] , [ 0.8  0.2] , [ 0.6  0.4] ]
log_loss: 0.342766313817 

