------------ LogisticRegression ------------
Predict Proba:
 [ 0.92348073  0.07651927] , [ 0.97821454  0.02178546] , [ 0.91978642  0.08021358] , [ 0.26274081  0.73725919] , [ 0.70568464  0.29431536] , [ 0.99124121  0.00875879] , [ 0.96336434  0.03663566] , [ 0.97932051  0.02067949] , [ 0.4933903  0.5066097] , [ 0.03168129  0.96831871] , [ 0.28633607  0.71366393] , [ 0.79009319  0.20990681] , [ 0.44050075  0.55949925] , [ 0.18197114  0.81802886] , [ 0.98553752  0.01446248] , [ 0.00736247  0.99263753] , [ 0.91611312  0.08388688] , [ 0.43951581  0.56048419] , [ 0.81586287  0.18413713] , [ 0.20024206  0.79975794] , [ 0.98671257  0.01328743] , [ 0.86980679  0.13019321] ]
log_loss: 0.591878914397 

------------ 		SVC         ------------
Predict Proba:
 [ 0.5  0.5] , [ 0.5  0.5] , [ 0.5  0.5] , [ 0.5  0.5] , [ 0.5  0.5] , [ 0.5  0.5] , [ 0.5  0.5] , [ 0.5  0.5] , [ 0.5  0.5] , [ 0.5  0.5] , [ 0.5  0.5] , [ 0.5  0.5] , [ 0.5  0.5] , [ 0.5  0.5] , [ 0.5  0.5] , [ 0.5  0.5] , [ 0.5  0.5] , [ 0.5  0.5] , [ 0.5  0.5] , [ 0.5  0.5] , [ 0.5  0.5] , [ 0.5  0.5] ]
log_loss: 0.69314718056 

------------ LogisticRegression ------------
Predict Proba:
 [ 0.5  0.5] , [ 0.9  0.1] , [ 0.9  0.1] , [ 0.1  0.9] , [ 0.8  0.2] , [ 0.9  0.1] , [ 0.9  0.1] , [ 0.8  0.2] , [ 0.6  0.4] , [ 0.3  0.7] , [ 0.6  0.4] , [ 0.6  0.4] , [ 0.8  0.2] , [ 0.1  0.9] , [ 0.8  0.2] , [ 0.1  0.9] , [ 0.5  0.5] , [ 0.4  0.6] , [ 0.5  0.5] , [ 0.2  0.8] , [ 1.  0.] , [ 0.7  0.3] ]
log_loss: 0.605335303044 

