------------ LogisticRegression ------------
Predict Proba:
 [ 0.55714764  0.44285236] , [ 0.65201718  0.34798282] , [ 0.86092529  0.13907471] , [ 0.93384701  0.06615299] , [ 0.82393638  0.17606362] , [ 0.93202213  0.06797787] , [ 0.60882197  0.39117803] , [ 0.42630385  0.57369615] , [ 0.40862736  0.59137264] , [ 0.14950475  0.85049525] , [ 0.81900965  0.18099035] , [ 0.77818753  0.22181247] , [ 0.92948794  0.07051206] , [ 0.83895126  0.16104874] , [ 0.02097766  0.97902234] , [ 0.93919639  0.06080361] , [ 0.03153439  0.96846561] , [ 0.01616003  0.98383997] , [ 0.03935287  0.96064713] , [ 0.64055765  0.35944235] , [ 0.00373141  0.99626859] , [ 0.62596763  0.37403237] , [ 0.01146042  0.98853958] , [ 0.75727436  0.24272564] , [ 0.0220563  0.9779437] , [ 0.02494836  0.97505164] , [ 0.00257321  0.99742679] , [ 0.91043986  0.08956014] , [ 0.27789832  0.72210168] , [ 0.0145932  0.9854068] , [ 0.02002737  0.97997263] , [ 0.02501583  0.97498417] , [ 0.79968022  0.20031978] , [ 0.32427017  0.67572983] , [ 0.03522862  0.96477138] , [ 0.01458239  0.98541761] , [ 0.98553611  0.01446389] , [ 0.55629455  0.44370545] , [ 0.76229017  0.23770983] , [ 0.95576526  0.04423474] , [ 0.12976725  0.87023275] , [ 0.6739768  0.3260232] , [ 0.10077557  0.89922443] , [ 0.02394966  0.97605034] , [ 0.96073527  0.03926473] , [ 0.02785973  0.97214027] , [ 0.00262708  0.99737292] , [ 0.97833269  0.02166731] , [ 0.65486822  0.34513178] , [ 0.65287716  0.34712284] , [ 0.49477193  0.50522807] , [ 0.34485736  0.65514264] , [ 0.89562191  0.10437809] , [ 0.00710501  0.99289499] , [ 0.12970355  0.87029645] , [ 0.60566271  0.39433729] , [ 0.02999693  0.97000307] , [ 0.80798182  0.19201818] , [ 0.97897458  0.02102542] , [ 0.05302714  0.94697286] , [ 0.70095675  0.29904325] , [ 0.066205  0.933795] , [ 0.90210718  0.09789282] , [ 0.10171562  0.89828438] , [ 0.2943583  0.7056417] , [ 0.96221977  0.03778023] , [ 0.9412041  0.0587959] , [ 0.4120128  0.5879872] , [ 0.44213366  0.55786634] , [ 0.97262791  0.02737209] , [ 0.06320314  0.93679686] , [ 0.8431045  0.1568955] , [ 0.61156596  0.38843404] , [ 0.95689796  0.04310204] , [ 0.98580646  0.01419354] , [ 0.1172129  0.8827871] , [  5.87514942e-04   9.99412485e-01] , [ 0.46671558  0.53328442] , [ 0.88158947  0.11841053] , [ 0.01571709  0.98428291] , [ 0.04119416  0.95880584] , [ 0.01571992  0.98428008] , [ 0.00208778  0.99791222] , [ 0.9297577  0.0702423] , [ 0.4586009  0.5413991] , [ 0.98368507  0.01631493] , [ 0.30836616  0.69163384] ]
log_loss: 0.481084563269 

------------ 		SVC         ------------
Predict Proba:
 [ 0.58246104  0.41753896] , [ 0.58245916  0.41754084] , [ 0.58244826  0.41755174] , [ 0.58246103  0.41753897] , [ 0.58246103  0.41753897] , [ 0.58186027  0.41813973] , [ 0.58246101  0.41753899] , [ 0.58238067  0.41761933] , [ 0.58246103  0.41753897] , [ 0.58246103  0.41753897] , [ 0.58246103  0.41753897] , [ 0.58263852  0.41736148] , [ 0.58246173  0.41753827] , [ 0.58246103  0.41753897] , [ 0.58246103  0.41753897] , [ 0.58246998  0.41753002] , [ 0.58246103  0.41753897] , [ 0.58246116  0.41753884] , [ 0.58246512  0.41753488] , [ 0.58249324  0.41750676] , [ 0.58246103  0.41753897] , [ 0.58246102  0.41753898] , [ 0.58246103  0.41753897] , [ 0.58245157  0.41754843] , [ 0.58246103  0.41753897] , [ 0.58246103  0.41753897] , [ 0.58246103  0.41753897] , [ 0.58227213  0.41772787] , [ 0.58246103  0.41753897] , [ 0.58246799  0.41753201] , [ 0.58246103  0.41753897] , [ 0.58246102  0.41753898] , [ 0.58246103  0.41753897] , [ 0.58246103  0.41753897] , [ 0.58246103  0.41753897] , [ 0.6104345  0.3895655] , [ 0.58245559  0.41754441] , [ 0.58246103  0.41753897] , [ 0.58246103  0.41753897] , [ 0.58246103  0.41753897] , [ 0.58246103  0.41753897] , [ 0.58246103  0.41753897] , [ 0.57540998  0.42459002] , [ 0.58246103  0.41753897] , [ 0.58246102  0.41753898] , [ 0.58246103  0.41753897] , [ 0.58246103  0.41753897] , [ 0.58208432  0.41791568] , [ 0.58246103  0.41753897] , [ 0.58246103  0.41753897] , [ 0.58246103  0.41753897] , [ 0.58246103  0.41753897] , [ 0.58246103  0.41753897] , [ 0.58246103  0.41753897] , [ 0.58246205  0.41753795] , [ 0.58246103  0.41753897] , [ 0.58246103  0.41753897] , [ 0.58133002  0.41866998] , [ 0.58246103  0.41753897] , [ 0.58246103  0.41753897] , [ 0.58246103  0.41753897] , [ 0.58246103  0.41753897] , [ 0.58198622  0.41801378] , [ 0.58246104  0.41753896] , [ 0.58239666  0.41760334] , [ 0.58246059  0.41753941] , [ 0.58246102  0.41753898] , [ 0.58245329  0.41754671] , [ 0.58193674  0.41806326] , [ 0.582461  0.417539] , [ 0.58246103  0.41753897] , [ 0.58246103  0.41753897] , [ 0.58246103  0.41753897] , [ 0.58246059  0.41753941] , [ 0.58245994  0.41754006] , [ 0.70852082  0.29147918] , [ 0.58246103  0.41753897] , [ 0.58246103  0.41753897] , [ 0.58246103  0.41753897] , [ 0.58246103  0.41753897] , [ 0.58246103  0.41753897] , [ 0.58246861  0.41753139] , [ 0.58260203  0.41739797] , [ 0.58245868  0.41754132] , [ 0.58246103  0.41753897] , [ 0.58246096  0.41753904] , [ 0.58257065  0.41742935] ]
log_loss: 0.728953399432 

------------ LogisticRegression ------------
Predict Proba:
 [ 0.9  0.1] , [ 0.5  0.5] , [ 0.9  0.1] , [ 0.6  0.4] , [ 1.  0.] , [ 0.9  0.1] , [ 0.7  0.3] , [ 0.3  0.7] , [ 0.5  0.5] , [ 0.4  0.6] , [ 0.8  0.2] , [ 0.6  0.4] , [ 1.  0.] , [ 0.9  0.1] , [ 0.  1.] , [ 0.9  0.1] , [ 0.3  0.7] , [ 0.  1.] , [ 0.2  0.8] , [ 0.5  0.5] , [ 0.2  0.8] , [ 0.8  0.2] , [ 0.2  0.8] , [ 0.6  0.4] , [ 0.  1.] , [ 0.2  0.8] , [ 0.1  0.9] , [ 1.  0.] , [ 0.5  0.5] , [ 0.  1.] , [ 0.1  0.9] , [ 0.4  0.6] , [ 0.7  0.3] , [ 0.7  0.3] , [ 0.3  0.7] , [ 0.1  0.9] , [ 1.  0.] , [ 0.6  0.4] , [ 1.  0.] , [ 0.8  0.2] , [ 0.5  0.5] , [ 0.5  0.5] , [ 0.4  0.6] , [ 0.2  0.8] , [ 1.  0.] , [ 0.  1.] , [ 0.  1.] , [ 1.  0.] , [ 0.6  0.4] , [ 0.5  0.5] , [ 0.8  0.2] , [ 0.6  0.4] , [ 0.9  0.1] , [ 0.4  0.6] , [ 0.4  0.6] , [ 0.8  0.2] , [ 0.2  0.8] , [ 0.8  0.2] , [ 1.  0.] , [ 0.2  0.8] , [ 0.9  0.1] , [ 0.1  0.9] , [ 0.8  0.2] , [ 0.4  0.6] , [ 0.3  0.7] , [ 0.9  0.1] , [ 0.9  0.1] , [ 0.3  0.7] , [ 0.3  0.7] , [ 0.8  0.2] , [ 0.5  0.5] , [ 0.6  0.4] , [ 0.5  0.5] , [ 0.9  0.1] , [ 0.9  0.1] , [ 0.2  0.8] , [ 0.1  0.9] , [ 0.8  0.2] , [ 0.5  0.5] , [ 0.2  0.8] , [ 0.2  0.8] , [ 0.2  0.8] , [ 0.  1.] , [ 0.7  0.3] , [ 0.3  0.7] , [ 0.8  0.2] , [ 0.2  0.8] ]
log_loss: 1.63466356992 

