------------ LogisticRegression ------------
Predict Proba:
 [  9.81239118e-01   6.29563565e-04   1.70866250e-02   1.04454195e-03
   1.51778262e-07] , [  1.24492539e-04   4.38856365e-02   2.72978796e-01   6.47862497e-01
   3.51485778e-02] , [  2.03105045e-01   2.63913215e-01   4.84313871e-01   4.84987532e-02
   1.69115601e-04] , [  2.58235353e-06   1.82709246e-02   4.77362339e-02   4.44653047e-01
   4.89337212e-01] , [ 0.76108363  0.10925827  0.03270412  0.09599085  0.00096313] , [ 0.00176799  0.05972377  0.11520079  0.75476382  0.06854364] , [  2.27468669e-06   2.64306149e-02   6.77485944e-02   5.42765828e-01
   3.63052688e-01] , [  2.68265043e-04   1.28508534e-02   2.14574811e-01   7.28084508e-01
   4.42215622e-02] , [  4.24278693e-05   6.72523153e-04   1.23240864e-01   4.93703289e-01
   3.82340896e-01] , [  7.71673668e-06   3.67590541e-03   5.63698693e-02   4.30623683e-01
   5.09322825e-01] , [ 0.01479346  0.21266393  0.58198595  0.07145107  0.11910559] , [ 0.00771403  0.5967808   0.32257802  0.06578701  0.00714014] , [ 0.00568361  0.11174712  0.15576374  0.64016404  0.08664149] , [  9.82960419e-01   2.68986197e-03   1.39180871e-02   4.31511023e-04
   1.21353220e-07] , [  4.33854417e-04   3.15600487e-02   2.48809118e-01   6.70259058e-01
   4.89379215e-02] , [ 0.01931869  0.78061555  0.04098101  0.12104955  0.0380352 ] , [  1.12343913e-04   3.30937069e-02   1.38803651e-01   8.09917444e-01
   1.80728547e-02] , [ 0.01101441  0.52252032  0.20301777  0.17345125  0.08999626] , [  5.38918421e-01   1.57959733e-01   2.99012579e-01   4.05839673e-03
   5.08709772e-05] , [  9.77773906e-01   3.30495225e-03   1.81312996e-02   7.89753029e-04
   8.92787884e-08] , [ 0.63144511  0.11337335  0.03649803  0.20135251  0.017331  ] , [ 0.14346219  0.273642    0.22695752  0.35289031  0.00304798] , [ 0.00630507  0.00101517  0.46578167  0.43669255  0.09020554] , [ 0.01062193  0.04192184  0.27946031  0.66621936  0.00177657] , [ 0.00286333  0.22678714  0.25608504  0.51265468  0.00160981] , [ 0.01238402  0.02441519  0.33178132  0.58636119  0.04505827] , [ 0.0650908   0.45717827  0.25654164  0.20929618  0.01189311] , [  4.64529417e-01   3.61229298e-01   1.63565981e-01   1.02400730e-02
   4.35230592e-04] , [  9.81771833e-01   5.79690992e-03   1.20506258e-02   3.80385806e-04
   2.45210882e-07] , [  9.84522132e-01   6.12752518e-03   8.96430890e-03   3.85778700e-04
   2.55223913e-07] , [ 0.42609461  0.17019834  0.03532155  0.36241839  0.00596711] , [ 0.00875818  0.2165666   0.48142524  0.23903783  0.05421216] , [  2.92433185e-05   2.68558987e-02   4.70611183e-02   4.84482222e-01
   4.41571517e-01] , [ 0.00777209  0.00161926  0.14519617  0.83881723  0.00659525] , [ 0.01509452  0.05229292  0.35921145  0.56871037  0.00469074] , [ 0.01511475  0.1235031   0.16535137  0.69133825  0.00469253] , [ 0.17585101  0.21525962  0.57857958  0.02732091  0.00298888] , [ 0.00224813  0.00081244  0.25502559  0.68423885  0.05767499] , [  2.64017475e-04   9.32824396e-02   1.67942401e-01   6.26892143e-01
   1.11618998e-01] , [ 0.4658432   0.22865515  0.23263211  0.07237763  0.00049191] , [  6.33322025e-01   3.46681713e-01   1.80688044e-02   1.92452286e-03
   2.93505406e-06] , [  5.54033042e-01   1.98790659e-01   2.40110006e-01   7.01308034e-03
   5.32127473e-05] , [ 0.00035673  0.35312868  0.18335666  0.27320203  0.1899559 ] , [ 0.04757789  0.23650385  0.12135233  0.57172171  0.02284422] , [ 0.02067443  0.25279735  0.65993318  0.05197488  0.01462016] , [  6.39420553e-01   2.22021086e-01   1.27176301e-01   1.13668251e-02
   1.52337268e-05] , [  5.61298056e-04   1.52312798e-01   2.18899554e-01   5.83944716e-01
   4.42816343e-02] , [ 0.00848601  0.05737315  0.52175315  0.2597576   0.15263009] , [ 0.02220565  0.15063952  0.43131853  0.38678702  0.00904927] , [  9.91961691e-01   2.27533123e-04   7.30898275e-03   5.01071049e-04
   7.21709371e-07] , [ 0.01762149  0.39961888  0.35232432  0.21590331  0.01453201] , [ 0.00475792  0.02152182  0.452203    0.51822016  0.00329709] , [  2.70459643e-03   5.50395361e-04   1.67852085e-01   8.08169380e-01
   2.07235427e-02] , [ 0.00363598  0.51193232  0.06017189  0.36915347  0.05510633] , [ 0.00190835  0.02378268  0.10293829  0.34956763  0.52180305] , [ 0.4239027   0.06860237  0.10172097  0.19670106  0.20907291] , [ 0.00285302  0.02718654  0.3580297   0.09965679  0.51227396] , [  8.04108851e-05   1.70243240e-03   1.94876260e-01   7.40219659e-01
   6.31212380e-02] , [ 0.00223726  0.06523451  0.48951897  0.41535016  0.0276591 ] , [  1.91489351e-04   8.04996680e-03   3.08608728e-01   6.55225026e-01
   2.79247901e-02] , [  6.69656198e-05   6.36836474e-03   2.53002166e-01   4.82965792e-01
   2.57596712e-01] , [  9.72089189e-01   7.02990928e-03   2.04831146e-02   3.97751859e-04
   3.53333915e-08] , [  9.43217401e-05   1.48768514e-02   1.69437548e-01   3.43886422e-01
   4.71704857e-01] , [  1.08733171e-04   6.53926492e-02   1.69117342e-01   6.15206367e-01
   1.50174909e-01] , [ 0.44062317  0.14300749  0.40378059  0.01173265  0.0008561 ] , [  9.98007262e-05   3.42440626e-02   9.79065271e-02   6.31891777e-01
   2.35857833e-01] , [ 0.12585922  0.31373833  0.40122875  0.15757296  0.00160073] , [ 0.48517995  0.10009239  0.06334772  0.11845792  0.23292202] , [ 0.00141244  0.01638946  0.2762587   0.69914375  0.00679565] , [  4.23377486e-01   2.94189367e-01   2.80900741e-01   1.50494054e-03
   2.74644716e-05] , [ 0.01026615  0.21509984  0.42070165  0.33023634  0.02369602] , [  9.80108703e-07   2.08218735e-02   5.07032485e-02   5.92162231e-01
   3.36311667e-01] , [  4.60048913e-01   2.68772306e-02   4.80594904e-01   3.24748893e-02
   4.06253867e-06] , [ 0.09358033  0.79947609  0.06451662  0.03924799  0.00317896] , [  1.18449834e-04   1.14571257e-02   3.54183905e-01   6.16211670e-01
   1.80288493e-02] , [ 0.04322952  0.81352566  0.03228991  0.09370675  0.01724816] , [  9.89269679e-01   2.46796157e-04   9.31772212e-03   1.16522498e-03
   5.77260913e-07] , [  4.84137375e-04   5.94054766e-01   9.59637040e-03   2.88571213e-01
   1.07293513e-01] , [ 0.0309875   0.02320424  0.24104683  0.59671452  0.10804692] , [ 0.02162113  0.03676755  0.43516204  0.35557546  0.15087383] , [  1.81529964e-04   5.03827160e-03   4.84092827e-01   4.86975771e-01
   2.37116003e-02] , [  3.80950554e-01   5.98654805e-01   1.08719127e-02   9.43650323e-03
   8.62254104e-05] , [  1.01072907e-04   8.35629778e-02   4.53107813e-01   2.42332386e-01
   2.20895751e-01] , [  7.95009288e-01   1.35255789e-01   6.43468906e-02   5.18850563e-03
   1.99526476e-04] , [ 0.30154015  0.20672732  0.48110911  0.01006249  0.00056092] , [  3.12462766e-04   1.25374456e-01   2.01804779e-01   6.21717692e-01
   5.07906108e-02] , [  5.88779807e-05   1.26907472e-02   2.76209711e-01   1.40795775e-01
   5.70244888e-01] , [ 0.00192846  0.00454382  0.37221882  0.57551416  0.04579473] , [  3.60896449e-04   1.57665207e-03   3.00374853e-01   6.74355540e-01
   2.33320587e-02] , [ 0.00085796  0.04289979  0.34292936  0.54934837  0.06396452] , [ 0.04232062  0.34998473  0.17295178  0.434246    0.00049687] , [ 0.31437997  0.17371321  0.1565198   0.35442114  0.00096588] , [  9.87760300e-01   7.93196297e-04   1.05030440e-02   9.43157073e-04
   3.02130586e-07] , [  5.47393575e-01   2.47904849e-01   2.02757462e-01   1.87400892e-03
   7.01043536e-05] , [  1.74725764e-05   6.86278209e-03   3.67555213e-01   5.96028139e-01
   2.95363935e-02] , [ 0.00263028  0.15363318  0.49313032  0.28758702  0.0630192 ] , [  3.26889071e-05   1.47438554e-02   1.20674512e-01   3.09090502e-01
   5.55458442e-01] , [ 0.14424389  0.3333578   0.42058097  0.09277776  0.00903958] , [ 0.43888751  0.11060907  0.16037413  0.27633782  0.01379147] , [ 0.01675075  0.13111927  0.11738096  0.6764693   0.05827971] , [ 0.25654465  0.13922111  0.56902599  0.01980607  0.01540218] , [ 0.00169414  0.02820091  0.03363204  0.65162085  0.28485207] , [ 0.00306004  0.16038632  0.19851082  0.60104496  0.03699786] , [  1.12729954e-04   2.50551654e-01   6.97382389e-02   4.66664463e-01
   2.12932913e-01] , [ 0.0395056   0.7646589   0.03507535  0.14885896  0.01190119] , [ 0.00389125  0.05350442  0.20758589  0.72572741  0.00929104] , [  4.92176300e-01   3.26886413e-01   1.77643565e-01   3.28983255e-03
   3.88984006e-06] , [ 0.31965279  0.04118508  0.10759453  0.34318867  0.18837893] , [ 0.0563202   0.61844978  0.11887343  0.14916431  0.05719227] , [  5.16612993e-05   4.32932980e-02   1.45330709e-01   6.54110323e-01
   1.57214009e-01] , [ 0.01076071  0.00088392  0.25142814  0.72483724  0.01208998] , [ 0.00812465  0.06011981  0.32441815  0.60400076  0.00333664] , [ 0.0074103   0.02582416  0.40548813  0.55563953  0.00563788] , [ 0.02121151  0.44417218  0.40563148  0.08806327  0.04092155] , [  4.49565720e-01   1.99954701e-01   2.14425325e-01   1.35702444e-01
   3.51809275e-04] , [ 0.0060597   0.02210037  0.15743347  0.13764751  0.67675893] , [  6.44384232e-01   2.31947809e-01   8.09393283e-02   4.27269980e-02
   1.63309021e-06] , [ 0.02650625  0.07411194  0.14686309  0.67796896  0.07454977] , [  1.01608731e-05   9.76708137e-03   1.30316189e-01   2.29064690e-01
   6.30841879e-01] , [  1.04445666e-04   1.19818850e-01   1.75034938e-01   5.79867230e-01
   1.25174536e-01] , [  6.77257137e-03   2.03811216e-05   3.51909746e-05   3.74443800e-01
   6.18728057e-01] , [ 0.76376213  0.04914021  0.0515474   0.11501813  0.02053213] , [ 0.13241631  0.45930033  0.35100291  0.02678854  0.0304919 ] , [  5.93337429e-01   3.78555984e-01   2.18448917e-02   6.23973731e-03
   2.19581425e-05] , [ 0.19291855  0.35493863  0.33723748  0.11279067  0.00211467] , [  9.92183255e-01   5.26904810e-04   6.24831530e-03   1.04038131e-03
   1.14400913e-06] , [ 0.55883026  0.40253555  0.00648626  0.03037326  0.00177467] , [ 0.03643309  0.08960277  0.57215887  0.2237615   0.07804377] , [  4.02880811e-01   4.21680488e-01   1.71376779e-01   4.00761451e-03
   5.43070522e-05] , [ 0.00304873  0.07358029  0.17765954  0.73600517  0.00970627] , [ 0.00866553  0.02075915  0.51651039  0.42623063  0.0278343 ] , [ 0.06941246  0.41329493  0.47752113  0.03588133  0.00389014] , [  9.46340983e-01   1.63565520e-02   3.68767482e-02   4.25680547e-04
   3.67691610e-08] , [  9.80215621e-01   2.48551198e-03   1.64884320e-02   8.10347367e-04
   8.78362206e-08] , [ 0.09360001  0.05141453  0.79971731  0.01789713  0.03737102] , [  6.50465773e-01   2.44518076e-01   5.64213270e-02   4.81338378e-02
   4.60985897e-04] , [ 0.29290601  0.6121044   0.07785916  0.01607746  0.00105297] , [ 0.00819188  0.00209877  0.40296377  0.5857907   0.00095488] , [ 0.14025285  0.28339194  0.08795778  0.48656328  0.00183415] , [  5.86365146e-01   2.36776834e-01   8.51324966e-02   9.16784242e-02
   4.70999928e-05] , [ 0.0204687   0.51463212  0.4476547   0.01636715  0.00087733] , [  1.11732592e-04   2.84899188e-02   5.34842410e-02   4.43456087e-01
   4.74458020e-01] , [  3.70910915e-04   3.66149532e-01   5.16585148e-02   4.78860949e-01
   1.02960093e-01] , [  3.88064182e-04   2.40659777e-03   2.75310141e-01   6.50945326e-01
   7.09498708e-02] , [ 0.00137806  0.00091629  0.2460508   0.71673729  0.03491756] , [  1.30856656e-06   3.20772131e-03   9.98575239e-02   4.09520197e-01
   4.87413249e-01] , [  6.18251577e-01   3.23477514e-01   4.58778972e-02   1.23685455e-02
   2.44660791e-05] , [  2.44637388e-02   5.99717420e-04   2.21508789e-01   7.44967951e-01
   8.45980374e-03] , [  3.84882225e-06   1.68360214e-02   4.15915574e-02   2.91134056e-01
   6.50434517e-01] , [ 0.06980776  0.01385559  0.44978792  0.44155779  0.02499095] , [  1.75768066e-02   2.25086020e-01   4.14764359e-01   3.42216545e-01
   3.56269647e-04] , [ 0.01386561  0.00366509  0.30040634  0.66884865  0.01321431] , [  6.97088441e-01   1.31584648e-01   1.66555619e-01   4.70344004e-03
   6.78522476e-05] , [ 0.0039622   0.08696625  0.18982003  0.65888456  0.06036697] , [  6.90401207e-06   1.02026985e-02   4.41400302e-02   3.03560150e-01
   6.42090217e-01] , [  9.87317906e-05   4.61767358e-02   9.76420088e-02   4.05359849e-01
   4.50722674e-01] , [ 0.0007188   0.04507259  0.42006153  0.38791553  0.14623155] , [ 0.26098253  0.58637529  0.14345708  0.00833894  0.00084616] , [  5.90829030e-04   2.25809767e-02   1.75350163e-01   7.02491026e-01
   9.89870050e-02] , [ 0.01278265  0.05444664  0.69867349  0.07291243  0.16118479] , [  2.83845595e-06   9.79868338e-03   1.46125854e-01   1.82346068e-01
   6.61726556e-01] , [  6.23165835e-01   3.35635347e-01   2.04943258e-02   2.00990709e-02
   6.05421224e-04] , [ 0.02809883  0.61497898  0.03543122  0.25917409  0.06231688] , [  6.22461780e-01   4.06084881e-02   2.76921630e-01   6.00053073e-02
   2.79445277e-06] , [ 0.34100057  0.6340677   0.01324345  0.0108336   0.00085468] , [  5.31970200e-01   1.99023349e-01   2.67528815e-01   1.45382594e-03
   2.38095553e-05] , [ 0.24262238  0.00547133  0.55747832  0.19375844  0.00066954] , [  9.88355004e-01   1.28144609e-03   9.47797549e-03   8.85193698e-04
   3.81220952e-07] , [  6.39981834e-07   9.29822319e-03   8.38043282e-02   4.18625023e-01
   4.88271786e-01] , [  4.07813904e-01   5.74070488e-01   8.77329270e-03   9.13072801e-03
   2.11587823e-04] , [ 0.10815198  0.46136884  0.18891765  0.24057454  0.00098699] , [  2.21093162e-04   7.38543014e-03   1.69191357e-01   6.81689599e-01
   1.41512521e-01] , [ 0.00048026  0.04891482  0.15347179  0.34785474  0.44927839] , [ 0.02627141  0.38768587  0.02023202  0.50563172  0.06017899] , [ 0.05040401  0.37719629  0.52076846  0.02679481  0.02483642] , [  5.70638221e-01   3.03140835e-01   1.22786280e-01   3.43375004e-03
   9.13749337e-07] , [  3.61901846e-05   1.64313240e-02   2.86115209e-01   4.41831511e-01
   2.55585766e-01] , [  5.30811107e-04   2.52509369e-02   3.19416331e-02   6.96449620e-01
   2.45826999e-01] , [  9.81248749e-01   2.30331200e-03   1.55673368e-02   8.80424074e-04
   1.78056696e-07] , [  4.26566876e-01   4.58714342e-01   1.12910931e-01   1.74388663e-03
   6.39643804e-05] , [ 0.08912795  0.00084441  0.60245156  0.30499486  0.00258122] , [  1.44189315e-01   5.34844918e-01   3.10846465e-01   9.62844038e-03
   4.90862090e-04] , [ 0.06407643  0.4524351   0.17456514  0.2025496   0.10637373] , [  3.13047393e-04   1.91133526e-01   9.25567260e-02   5.61112116e-01
   1.54884585e-01] , [ 0.05286342  0.39670804  0.08624968  0.45667803  0.00750082] , [  7.83146494e-05   1.82818919e-02   3.60759417e-01   3.78050097e-01
   2.42830280e-01] , [  4.50460640e-05   1.47694153e-02   1.35424046e-01   5.37222245e-01
   3.12539248e-01] , [  9.81957400e-01   1.15747515e-03   1.64664572e-02   4.18565949e-04
   1.01817644e-07] , [  9.87680184e-01   1.14013073e-03   1.02917670e-02   8.87684409e-04
   2.34228513e-07] , [  9.68842719e-01   8.34951721e-03   2.21225844e-02   6.85142280e-04
   3.70756932e-08] , [  8.17895581e-07   1.36617724e-02   1.70282155e-01   4.77879168e-01
   3.38176087e-01] , [  3.27032036e-05   6.98264465e-03   6.31843641e-02   3.35555773e-01
   5.94244515e-01] , [  4.65410452e-01   4.72181137e-01   6.02228818e-02   2.16671428e-03
   1.88154238e-05] , [ 0.00182981  0.16384567  0.34744897  0.26057544  0.22630011] , [ 0.18964058  0.45727718  0.19121941  0.15483508  0.00702775] , [  5.80419372e-01   2.15750940e-01   1.96709679e-01   7.11689403e-03
   3.11583336e-06] , [ 0.74320723  0.03300623  0.1210797   0.0855965   0.01711035] , [ 0.00483668  0.05817499  0.3269255   0.11652192  0.4935409 ] , [ 0.12828667  0.21721966  0.18520666  0.45815454  0.01113247] , [ 0.01574513  0.28416549  0.09884003  0.5528797   0.04836965] , [  5.50502035e-01   3.40941416e-01   8.35929253e-02   2.49614349e-02
   2.18872655e-06] , [  7.17427883e-05   1.05550405e-02   3.25122749e-02   4.71637557e-01
   4.85223385e-01] , [ 0.21984005  0.18073312  0.55542011  0.041108    0.00289873] , [ 0.00119008  0.04734049  0.47406548  0.4448332   0.03257075] , [ 0.01593813  0.19193474  0.72892195  0.0461077   0.01709749] , [ 0.00666756  0.12955337  0.02750675  0.7631265   0.07314582] , [ 0.2986607   0.45596242  0.01032667  0.18904958  0.04600063] , [ 0.00113274  0.00058918  0.53270346  0.37104175  0.09453288] , [  2.66756752e-04   3.35920253e-02   4.39995928e-01   1.83081228e-01
   3.43064062e-01] , [  4.68701109e-02   1.42080107e-01   6.30739199e-01   1.80131345e-01
   1.79237911e-04] , [ 0.01551264  0.11405195  0.46080805  0.40569799  0.00392937] , [ 0.00095961  0.03437606  0.54853096  0.22681118  0.18932219] , [  1.63736600e-04   3.86589217e-04   1.44586502e-01   7.05778199e-01
   1.49084973e-01] , [  9.11423152e-05   1.79478734e-02   8.42076768e-02   5.76616034e-01
   3.21137274e-01] , [ 0.00139073  0.11187773  0.1229107   0.671669    0.09215184] , [ 0.00384217  0.10843417  0.62743969  0.18762016  0.07266382] , [ 0.52637179  0.23666053  0.13345255  0.10093614  0.00257899] , [  9.74181388e-01   3.15407885e-03   2.22932925e-02   3.71183413e-04
   5.67924811e-08] , [  9.87602100e-01   8.15594119e-04   1.05975100e-02   9.84505590e-04
   2.90490555e-07] , [ 0.00171244  0.20099366  0.13908697  0.40853086  0.24967608] , [ 0.03213281  0.36067115  0.40975644  0.13027062  0.06716899] , [ 0.03180743  0.05778459  0.03627302  0.80121816  0.07291679] , [  5.79283692e-01   3.76202899e-02   3.77699967e-01   5.38594044e-03
   1.01108767e-05] , [ 0.78873188  0.08382477  0.03274516  0.08034091  0.01435729] , [ 0.10310341  0.56394171  0.12877516  0.15190351  0.0522762 ] , [  6.43643660e-04   1.19664910e-01   1.40105250e-01   6.53669857e-01
   8.59163390e-02] , [  9.83256908e-01   2.36117692e-03   1.39062361e-02   4.75385011e-04
   2.93630906e-07] , [ 0.13732707  0.15726648  0.59333321  0.0217759   0.09029733] , [ 0.31086297  0.55766488  0.07440101  0.05514266  0.00192848] , [ 0.02378488  0.01262593  0.63394498  0.12196142  0.20768279] , [  9.90831387e-01   1.30037497e-04   7.77241027e-03   1.26521156e-03
   9.53299150e-07] , [  4.46924433e-01   3.05180800e-01   2.38412784e-01   9.48138344e-03
   5.99610338e-07] , [  4.67194827e-01   2.03509058e-01   3.24923454e-01   4.21303129e-03
   1.59629474e-04] , [  4.71925733e-04   2.92536616e-02   1.33218399e-01   6.50630668e-01
   1.86425345e-01] , [ 0.00336537  0.01344469  0.66659713  0.314033    0.0025598 ] , [  6.38300811e-04   1.34456561e-01   1.58036823e-01   6.68087492e-01
   3.87808238e-02] , [  8.09766261e-05   4.38159056e-02   1.29830027e-01   4.83695399e-01
   3.42577693e-01] , [  7.49918267e-05   1.90230032e-02   4.83879680e-02   4.05619050e-01
   5.26894987e-01] , [  9.87780111e-01   6.48692241e-04   1.11260023e-02   4.44974034e-04
   2.20311009e-07] , [ 0.72595795  0.0475631   0.0363475   0.18347018  0.00666127] , [ 0.03034652  0.50610231  0.20575311  0.04498557  0.21281249] , [  2.75953202e-01   4.05096093e-01   2.80593441e-01   3.83043980e-02
   5.28655895e-05] , [  5.04530736e-06   3.15450087e-02   6.47913750e-02   3.68390115e-01
   5.35268456e-01] , [  2.92522064e-06   4.21670534e-03   2.19285854e-01   4.01359515e-01
   3.75135000e-01] , [  8.33867205e-06   3.00107483e-02   3.29540143e-02   3.48936809e-01
   5.88090090e-01] , [ 0.22312003  0.02601821  0.33765191  0.40914536  0.00406449] , [  1.13326863e-04   8.48211092e-05   2.42650163e-01   6.18082861e-01
   1.39068828e-01] , [ 0.00095973  0.00608155  0.27599186  0.12275454  0.59421233] , [  9.74238347e-01   4.79624267e-03   2.05584801e-02   4.06875527e-04
   5.45750520e-08] , [  3.42010971e-04   6.63060566e-03   5.80441083e-02   5.95423970e-01
   3.39559305e-01] , [  3.81248470e-04   1.11852177e-02   3.17314504e-01   6.46583384e-01
   2.45356453e-02] , [ 0.0609271   0.02319207  0.63768708  0.23251253  0.04568123] , [ 0.00092569  0.01855445  0.48151897  0.48672452  0.01227636] , [ 0.00565086  0.03399096  0.64769855  0.30052697  0.01213267] , [  8.76826375e-05   8.23317525e-03   1.01081717e-01   3.71036321e-01
   5.19561103e-01] , [ 0.13312995  0.29110232  0.41701288  0.14905835  0.0096965 ] , [  2.40677413e-06   4.17128440e-02   9.24806676e-02   4.71891660e-01
   3.93912421e-01] , [  3.14511645e-06   3.29487034e-02   6.99714944e-02   4.67949100e-01
   4.29127557e-01] , [ 0.00087295  0.35235998  0.09916808  0.20136742  0.34623157] , [ 0.00675393  0.06824585  0.33170167  0.07272221  0.52057635] , [ 0.01058968  0.05951638  0.60773492  0.3173667   0.00479232] , [  4.58719063e-05   2.82893069e-02   1.18859857e-01   2.83984740e-01
   5.68820225e-01] , [  9.76762049e-01   6.18934095e-03   1.66417372e-02   4.06829225e-04
   4.40372766e-08] , [  9.67975393e-01   1.44275049e-02   1.71903569e-02   4.06705973e-04
   3.92720815e-08] , [ 0.31546016  0.63799233  0.03267469  0.01294781  0.00092502] , [ 0.01122854  0.05980382  0.45728428  0.46836893  0.00331443] , [ 0.02234023  0.11569925  0.66743098  0.19322447  0.00130506] , [  8.19134802e-01   1.20076344e-01   4.58617069e-02   1.48933664e-02
   3.37804671e-05] , [  5.12076308e-01   4.06916136e-01   8.02547482e-02   7.48339775e-04
   4.46816486e-06] , [  3.07094616e-07   1.90452941e-02   1.45046482e-01   3.71275901e-01
   4.64632016e-01] , [ 0.00709937  0.0917061   0.62664771  0.11044821  0.16409862] , [ 0.24424467  0.02592549  0.07358907  0.63385502  0.02238574] , [ 0.0046026   0.00216347  0.34559971  0.64297212  0.00466211] , [ 0.33348755  0.52145026  0.13163515  0.01135029  0.00207674] , [ 0.00127932  0.09009119  0.20200269  0.57072851  0.1358983 ] , [ 0.0083098   0.00957238  0.26509416  0.69718094  0.01984272] , [ 0.00140368  0.00167002  0.16038917  0.81879324  0.01774389] , [ 0.00297722  0.02396715  0.17371734  0.73994006  0.05939823] , [  9.87229012e-01   1.15179706e-03   1.07085004e-02   9.10318264e-04
   3.72244612e-07] , [ 0.00071918  0.08258981  0.40285721  0.4730179   0.0408159 ] , [  7.30280862e-01   1.46341974e-01   1.16193104e-01   7.16189508e-03
   2.21655311e-05] , [ 0.05335372  0.21858209  0.56492291  0.12834806  0.03479322] , [  1.37520998e-04   5.80227154e-02   1.04086162e-02   4.80002719e-01
   4.51428429e-01] , [  5.00369744e-01   3.55712641e-01   1.42664780e-01   1.25192412e-03
   9.10444778e-07] , [  9.81525690e-01   7.01798599e-03   1.10102523e-02   4.45972014e-04
   1.00035801e-07] , [ 0.2501876   0.45288566  0.20687368  0.08952384  0.00052922] , [ 0.02263578  0.36588471  0.17244638  0.38527546  0.05375767] , [ 0.30740993  0.43071116  0.17852953  0.06704149  0.01630788] , [  3.36679600e-04   2.21235300e-02   5.01044054e-01   4.67698964e-01
   8.79677225e-03] , [  5.84320605e-05   2.56600380e-02   8.78798350e-02   3.49439911e-01
   5.36961784e-01] , [  1.18645899e-02   4.18349114e-02   7.02045422e-01   2.43610053e-01
   6.45023454e-04] , [ 0.02953793  0.08715889  0.75180995  0.07303636  0.05845687] , [  9.39908659e-01   1.20956469e-02   4.76848158e-02   3.10872054e-04
   5.90856476e-09] , [  4.40661009e-02   4.61394955e-01   4.82483260e-01   1.16222246e-02
   4.33458800e-04] , [  5.46803711e-05   2.45247317e-02   2.18723952e-01   2.15086049e-01
   5.41610587e-01] ]
log_loss: 0.995841678678 

------------ 		SVC         ------------
Predict Proba:
 [ 0.79707987  0.0645984   0.06729999  0.04062971  0.03039204] , [ 0.04445062  0.04755339  0.15747321  0.47030486  0.28021793] , [ 0.33877883  0.13749274  0.19535206  0.21803166  0.1103447 ] , [ 0.09439665  0.07943133  0.18300317  0.29960797  0.34356089] , [ 0.19795499  0.1498568   0.20396483  0.30103417  0.14718921] , [ 0.19265179  0.14693258  0.20324804  0.31054123  0.14662637] , [ 0.09832326  0.09091681  0.19740064  0.48277563  0.13058366] , [ 0.13212193  0.1241653   0.31890169  0.29059901  0.13421207] , [ 0.05068285  0.06187196  0.29907781  0.48194639  0.10642099] , [ 0.10050591  0.09102324  0.19330541  0.44204117  0.17312427] , [ 0.18101622  0.1739431   0.23950108  0.25251432  0.15302527] , [ 0.18459912  0.14478066  0.22739333  0.29882567  0.14440122] , [ 0.10641821  0.2926307   0.17903411  0.28422676  0.13769023] , [ 0.67032489  0.09193701  0.10635436  0.07724645  0.05413729] , [ 0.06495797  0.07426571  0.296564    0.45097899  0.11323333] , [ 0.0630138   0.433414    0.11410815  0.33292319  0.05654087] , [ 0.17425565  0.13698036  0.20131934  0.34430884  0.1431358 ] , [ 0.10055167  0.10310893  0.3492443   0.32347643  0.12361867] , [ 0.64846224  0.11937247  0.09783894  0.08737719  0.04694916] , [ 0.74423639  0.0759096   0.08302065  0.05742495  0.03940841] , [ 0.19812495  0.14995243  0.20399193  0.30077479  0.1471559 ] , [ 0.17140818  0.15363223  0.21419999  0.32245565  0.13830395] , [ 0.19806217  0.14992465  0.20410618  0.30076451  0.14714248] , [ 0.19743042  0.14956256  0.20389367  0.3020882   0.14702515] , [ 0.12019556  0.54398067  0.14797791  0.1220158   0.06583006] , [ 0.09618016  0.10938965  0.27305258  0.38487017  0.13650743] , [ 0.19801746  0.1498971   0.20397786  0.30075233  0.14735524] , [ 0.19522523  0.14883849  0.24825105  0.24589952  0.16178572] , [ 0.3547624   0.13290178  0.17449322  0.22352757  0.11431503] , [ 0.67785955  0.08648588  0.0986942   0.08757731  0.04938306] , [ 0.18911168  0.1449832   0.2028168   0.31756154  0.14552678] , [ 0.12505878  0.13386834  0.19415945  0.41616284  0.13075059] , [ 0.11039578  0.0995097   0.19846175  0.45793493  0.13369785] , [ 0.03393746  0.04259032  0.24387313  0.49040409  0.18919499] , [ 0.18347106  0.14420912  0.22800979  0.30014197  0.14416806] , [ 0.11706043  0.10340884  0.24082586  0.40882325  0.12988162] , [ 0.08376764  0.39066961  0.27276865  0.17960268  0.07319143] , [ 0.19812538  0.14994993  0.2039923   0.30077593  0.14715646] , [ 0.12576254  0.26092923  0.17711429  0.32863733  0.1075566 ] , [ 0.13221697  0.11712603  0.24433051  0.31096326  0.19536323] , [ 0.19332064  0.17782488  0.20013522  0.28783755  0.1408817 ] , [ 0.244177    0.1608816   0.21741199  0.26490607  0.11262333] , [ 0.06045623  0.06931491  0.29508502  0.46325371  0.11189013] , [ 0.23430268  0.1828789   0.19115113  0.26098969  0.13067761] , [ 0.4859284   0.10431367  0.19107952  0.14150461  0.0771738 ] , [ 0.17319337  0.2966747   0.18577773  0.23001554  0.11433865] , [ 0.04082671  0.06262065  0.26498841  0.50428568  0.12727854] , [ 0.18538129  0.1989833   0.21539888  0.24300369  0.15723285] , [ 0.08722768  0.09265013  0.32663787  0.37146369  0.12202063] , [ 0.7843037   0.06765268  0.07144216  0.04392212  0.03267934] , [ 0.07695897  0.08062354  0.30834935  0.41732356  0.11674458] , [ 0.19812538  0.14994993  0.2039923   0.30077593  0.14715646] , [ 0.08345165  0.08001878  0.21329018  0.49966197  0.12357741] , [ 0.08135189  0.07960133  0.21089412  0.47856717  0.14958549] , [ 0.13774053  0.1404549   0.27751372  0.30630875  0.1379821 ] , [ 0.20005485  0.14972355  0.2036238   0.29982206  0.14677574] , [ 0.16609585  0.13492641  0.21620374  0.29625248  0.18652151] , [ 0.19812538  0.14994993  0.2039923   0.30077593  0.14715646] , [ 0.18689849  0.14552365  0.22257644  0.30017011  0.14483131] , [ 0.19807142  0.14991983  0.20398459  0.30087794  0.14714622] , [ 0.14508841  0.13002823  0.29513509  0.29255698  0.13719128] , [ 0.78625668  0.06719989  0.07080733  0.04341411  0.03232199] , [ 0.10371405  0.09520825  0.19374814  0.43770671  0.16962285] , [ 0.17068723  0.13514228  0.20086148  0.34766623  0.14564278] , [ 0.60324907  0.16060029  0.1003309   0.08875609  0.04706365] , [ 0.08712415  0.08118388  0.18805673  0.34707244  0.2965628 ] , [ 0.11727785  0.10778937  0.26267294  0.38248373  0.12977611] , [ 0.65553001  0.09467873  0.11065686  0.08212402  0.05701038] , [ 0.19813161  0.14994918  0.2039911   0.30077292  0.14715519] , [ 0.19807223  0.15070751  0.20386395  0.30038584  0.14697047] , [ 0.21333054  0.14776814  0.20113908  0.29360714  0.1441551 ] , [ 0.05781163  0.06681728  0.2884151   0.47639244  0.11056356] , [ 0.1912652   0.14664987  0.21186379  0.30464209  0.14557904] , [ 0.18668013  0.21758962  0.19515407  0.26870756  0.13186861] , [ 0.073167    0.07483237  0.23672551  0.49256281  0.12271231] , [ 0.64778281  0.11574867  0.09085842  0.10170948  0.04390062] , [ 0.71634952  0.07853041  0.0870819   0.07586432  0.04217386] , [ 0.13602029  0.36276321  0.17211057  0.20699406  0.12211187] , [ 0.08650476  0.08430228  0.19029199  0.45534608  0.18355489] , [ 0.19512483  0.20589111  0.29651227  0.19384311  0.10862868] , [ 0.19812538  0.14994993  0.2039923   0.30077593  0.14715646] , [ 0.16435881  0.13508719  0.20200857  0.29768532  0.20086011] , [ 0.12584886  0.11483771  0.19788665  0.32275472  0.23867206] , [ 0.2517967   0.1484499   0.18763707  0.28441929  0.12769703] , [ 0.19791383  0.14986716  0.20437414  0.3007358   0.14710907] , [ 0.05043954  0.05961714  0.19873023  0.42177116  0.26944193] , [ 0.07819894  0.1924856   0.25920937  0.35720954  0.11289655] , [ 0.09491562  0.0882833   0.19694364  0.49031657  0.12954086] , [ 0.10071402  0.09282701  0.20295177  0.47301402  0.13049319] , [ 0.09003262  0.09427906  0.22182422  0.46336404  0.13050007] , [ 0.09679548  0.08974425  0.19721495  0.48611544  0.13012989] , [ 0.5763802   0.10224453  0.12335793  0.13170037  0.06631697] , [ 0.76333015  0.07252979  0.07816329  0.04950704  0.03646973] , [ 0.19812537  0.14995     0.20399229  0.3007759   0.14715644] , [ 0.19812538  0.14994993  0.2039923   0.30077593  0.14715646] , [ 0.19805623  0.1499223   0.20411737  0.30076305  0.14714106] , [ 0.17192326  0.13587255  0.20552133  0.34405379  0.14262907] , [ 0.12973379  0.12276003  0.31703813  0.29660358  0.13386446] , [ 0.21330764  0.14843402  0.20143099  0.29236896  0.14445839] , [ 0.07202066  0.08107511  0.29205542  0.42982489  0.12502392] , [ 0.19462042  0.17019127  0.2011529   0.29143101  0.14260439] , [ 0.18945525  0.14516959  0.2028575   0.31693121  0.14558644] , [ 0.05967224  0.15429982  0.2111636   0.47337965  0.10148469] , [ 0.07809755  0.3267303   0.15422652  0.18636129  0.25458433] , [ 0.07302129  0.61391278  0.10992429  0.15429826  0.04884339] , [ 0.11820673  0.11427201  0.31657804  0.3211035   0.12983973] , [ 0.67616672  0.1126      0.09425783  0.06975439  0.04722106] , [ 0.41241197  0.12588873  0.1623056   0.19783107  0.10156263] , [ 0.18898833  0.20369503  0.19684573  0.27545158  0.13501933] , [ 0.09844267  0.09100633  0.19741526  0.48251774  0.130618  ] , [ 0.09883479  0.09127614  0.19746703  0.48169932  0.13072271] , [ 0.19812538  0.14994993  0.2039923   0.30077593  0.14715646] , [ 0.14898928  0.16024961  0.28995622  0.27117443  0.12963046] , [ 0.18442361  0.14471577  0.22768554  0.29880695  0.14436813] , [ 0.19710893  0.14940601  0.20385282  0.30266131  0.14697093] , [ 0.16357783  0.1343568   0.23440072  0.29493868  0.17272596] , [ 0.19812539  0.14994993  0.2039923   0.30077593  0.14715646] , [ 0.11763596  0.10418255  0.19888957  0.44440722  0.1348847 ] , [ 0.18304807  0.14390172  0.20240777  0.29857344  0.172069  ] , [ 0.09004731  0.0874361   0.19303164  0.48556127  0.14392369] , [ 0.19732271  0.1495118   0.20387923  0.30198752  0.14729873] , [ 0.19812556  0.14994985  0.20399224  0.30077596  0.14715639] , [ 0.19809922  0.15009372  0.20397064  0.30070848  0.14712794] , [ 0.25586645  0.14348712  0.19298898  0.27248313  0.13517431] , [ 0.17572274  0.28236803  0.18748287  0.23699838  0.11742798] , [ 0.72272644  0.07773979  0.08588531  0.0722428   0.04140566] , [ 0.18638456  0.21937032  0.19494009  0.26784067  0.13146436] , [ 0.16122739  0.22397599  0.21319928  0.25109929  0.15049805] , [ 0.29549043  0.13686232  0.19487215  0.24791008  0.12486502] , [ 0.19776047  0.15202162  0.2036909   0.29983281  0.14669421] , [ 0.20860357  0.16337212  0.35472339  0.18095455  0.09234637] , [ 0.23148986  0.15670543  0.18945402  0.29328146  0.12906923] , [ 0.69123213  0.08787456  0.10027793  0.07055598  0.05005941] , [ 0.81463547  0.06025967  0.06155465  0.03624675  0.02730345] , [ 0.19793262  0.14990138  0.20432855  0.30072877  0.14710868] , [ 0.73331166  0.07913734  0.08754545  0.05795785  0.0420477 ] , [ 0.1948498   0.14826214  0.20350098  0.30704176  0.14634532] , [ 0.11822065  0.10479861  0.20999733  0.43360806  0.13337535] , [ 0.3791202   0.41678038  0.10887382  0.06415413  0.03107146] , [ 0.09941632  0.10045585  0.30022228  0.37701022  0.12289532] , [ 0.54672114  0.0819458   0.21062097  0.10283334  0.05787876] , [ 0.09633573  0.08940167  0.1969226   0.48579049  0.13154951] , [ 0.05220926  0.09777626  0.16498222  0.50901489  0.17601736] , [ 0.19812542  0.14994992  0.20399229  0.30077592  0.14715645] , [ 0.16788539  0.13357246  0.20082113  0.3555283   0.14219271] , [ 0.19036723  0.14600219  0.20310917  0.30766446  0.15285694] , [ 0.48523693  0.11655271  0.14637448  0.16547325  0.08636264] , [ 0.09046698  0.08607606  0.21539283  0.47528786  0.13277628] , [ 0.16402779  0.14949146  0.19938914  0.2895003   0.19759131] , [ 0.17338742  0.14065521  0.24554711  0.29804881  0.14236145] , [ 0.19812187  0.14994797  0.2039918   0.30078257  0.14715579] , [ 0.03159779  0.04112044  0.26293815  0.48926682  0.1750768 ] , [ 0.29582693  0.13968664  0.18532831  0.25269485  0.12646327] , [ 0.16846298  0.13386543  0.20086051  0.35453623  0.14227485] , [ 0.16820082  0.13539799  0.20167482  0.3029712   0.19175517] , [ 0.18972155  0.14531212  0.20288906  0.31644479  0.1456325 ] , [ 0.0992735   0.09735806  0.27134187  0.35069213  0.18133445] , [ 0.46256116  0.21929966  0.19484535  0.0826313   0.04066254] , [ 0.17801938  0.25917313  0.19135469  0.24943746  0.12201534] , [ 0.13446558  0.48731757  0.15763826  0.14435959  0.07621901] , [ 0.19812285  0.14994868  0.20399196  0.30077564  0.14716088] , [ 0.19538575  0.1657054   0.20176395  0.29352762  0.14361729] , [ 0.12856713  0.51236738  0.15295233  0.13443186  0.07168131] , [ 0.23335273  0.13270417  0.22195713  0.27880628  0.13317969] , [ 0.19807236  0.14992525  0.20398519  0.30076434  0.14725286] , [ 0.27320132  0.14912693  0.20271697  0.24773037  0.12722441] , [ 0.1840643   0.14436714  0.22944315  0.29799703  0.14412839] , [ 0.73284949  0.07519215  0.08229123  0.07034676  0.03932037] , [ 0.06115739  0.06336102  0.16390454  0.37356863  0.33800842] , [ 0.1906231   0.14653717  0.20316204  0.29943069  0.16024701] , [ 0.07822516  0.71052873  0.1080257   0.05688012  0.04634029] , [ 0.16036485  0.12953056  0.20032773  0.36865841  0.14111844] , [ 0.07932128  0.07897211  0.18914444  0.47618015  0.17638202] , [ 0.17975243  0.48331632  0.14482326  0.12465268  0.06745532] , [ 0.11634881  0.09250327  0.32236646  0.35758801  0.11119345] , [ 0.73280605  0.07522571  0.08229686  0.07034931  0.03932208] , [ 0.19812084  0.14994739  0.20399165  0.30078452  0.14715559] , [ 0.16902057  0.13640202  0.20022628  0.3302661   0.16408504] , [ 0.55223177  0.10745752  0.1313121   0.1355829   0.07341572] , [ 0.63014844  0.08302658  0.14427425  0.09061875  0.05193197] , [ 0.1805368   0.14328876  0.23428098  0.29823873  0.14365474] , [ 0.19597596  0.11448174  0.21676351  0.29905864  0.17372015] , [ 0.19812537  0.14994992  0.2039923   0.30077593  0.14715649] , [ 0.19810102  0.14993632  0.20398882  0.30082201  0.14715183] , [ 0.07869625  0.70338065  0.11163459  0.05836824  0.04792026] , [ 0.16575595  0.13273413  0.20945398  0.35059375  0.14146219] , [ 0.10071036  0.09676173  0.1958828   0.47442834  0.13221678] , [ 0.76129968  0.07299574  0.07878034  0.0500724   0.03685183] , [ 0.77171698  0.07060403  0.07549611  0.04724454  0.03493834] , [ 0.64313966  0.09445885  0.11055539  0.0946473   0.05719879] , [ 0.19812538  0.14994993  0.2039923   0.30077593  0.14715646] , [ 0.09400025  0.08413021  0.18908535  0.28055796  0.35222623] , [ 0.17992572  0.17170121  0.19726336  0.30987396  0.14123575] , [ 0.07059305  0.16867143  0.15635382  0.16021741  0.44416428] , [ 0.12529946  0.1134057   0.2529345   0.31489332  0.19346702] , [ 0.7800185   0.06867826  0.07281351  0.04503701  0.03345272] , [ 0.30842792  0.13777238  0.18305145  0.24685234  0.12389591] , [ 0.16030961  0.21496787  0.18942807  0.29552345  0.13977101] , [ 0.11892286  0.27716789  0.24316215  0.26335279  0.09739432] , [ 0.16716632  0.12441326  0.19506179  0.27885208  0.23450656] , [ 0.55320593  0.07177024  0.10137694  0.22087161  0.05277528] , [ 0.05172819  0.05497872  0.17572861  0.48536465  0.23219983] , [ 0.31265785  0.30350659  0.15359216  0.15206358  0.07817983] , [ 0.1748193   0.13731528  0.20235209  0.34246447  0.14304886] , [ 0.11156171  0.10034617  0.28671652  0.3784214   0.12295421] , [ 0.18044174  0.18065253  0.22067752  0.27953062  0.13869758] , [ 0.19812538  0.14994996  0.2039923   0.30077592  0.14715645] , [ 0.19753056  0.14970444  0.20497554  0.30076322  0.14702624] , [ 0.17164336  0.13760682  0.21450292  0.29678315  0.17946374] , [ 0.07728907  0.70340664  0.15117814  0.03903256  0.02909359] , [ 0.11488866  0.11437862  0.34577711  0.29554751  0.12940809] , [ 0.10739649  0.10696585  0.24429622  0.28143734  0.25990411] , [ 0.03432131  0.04109375  0.22342574  0.49840293  0.20275626] , [ 0.13037162  0.11477698  0.19716162  0.35003101  0.20765876] , [ 0.0482586   0.06029283  0.20897654  0.43113804  0.25133399] , [ 0.1133675   0.11787972  0.24416402  0.28011957  0.24446919] , [ 0.22865634  0.07113046  0.12918458  0.48921308  0.08181554] , [ 0.79043463  0.06618583  0.06947432  0.04233189  0.03157333] , [ 0.7861517   0.0672119   0.07085481  0.04343847  0.03234312] , [ 0.10110302  0.09331696  0.19302427  0.44219546  0.17036029] , [ 0.1160265   0.12827167  0.36856395  0.26665771  0.12048017] , [ 0.1103776   0.09944972  0.1984913   0.45817929  0.13350209] , [ 0.19865013  0.14989639  0.20390239  0.3004872   0.14706389] , [ 0.19818847  0.1499435   0.20398149  0.30074124  0.1471453 ] , [ 0.17760843  0.20114603  0.19524917  0.27244396  0.1535524 ] , [ 0.14700206  0.12177823  0.23992632  0.35501752  0.13627587] , [ 0.81426719  0.06034186  0.0616826   0.03634164  0.0273667 ] , [ 0.12263407  0.53744665  0.14799519  0.12477055  0.06715354] , [ 0.19110797  0.07030312  0.13350382  0.51995693  0.08512815] , [ 0.14576477  0.13179617  0.24146061  0.28949499  0.19148345] , [ 0.76718065  0.07163364  0.07693989  0.04846577  0.03578005] , [ 0.19669904  0.14937306  0.20680815  0.3003642   0.14675555] , [ 0.1916731   0.17852826  0.19154777  0.30889784  0.12935303] , [ 0.19812538  0.14994993  0.2039923   0.30077593  0.14715646] , [ 0.18617526  0.1433822   0.2024793   0.32293554  0.1450277 ] , [ 0.07642302  0.08495554  0.20273897  0.49200023  0.14388224] , [ 0.17846356  0.13922823  0.20169112  0.33683658  0.14378051] , [ 0.05657376  0.06126278  0.2949869   0.24166115  0.34551541] , [ 0.74850037  0.07586052  0.08280779  0.05361599  0.03921533] , [ 0.22822464  0.14652857  0.19820961  0.28604456  0.14099262] , [ 0.39821857  0.29688798  0.18745013  0.07979091  0.03765241] , [ 0.19058086  0.14712153  0.21753769  0.29932056  0.14543936] , [ 0.09018432  0.08018551  0.1852893   0.2749583   0.36938258] , [ 0.06428656  0.06235756  0.22039704  0.32821305  0.32474579] , [ 0.16048566  0.131635    0.20159816  0.30241984  0.20386133] , [ 0.15170343  0.1725572   0.40721357  0.17904344  0.08948236] , [ 0.10534205  0.10469996  0.32049222  0.33895956  0.1305062 ] , [ 0.07893337  0.07288948  0.19210683  0.25370612  0.4023642 ] , [ 0.70543822  0.08501539  0.09601003  0.06619788  0.04733848] , [ 0.11588147  0.10436696  0.19592755  0.34369333  0.24013069] , [ 0.19802419  0.14989813  0.20397853  0.30082688  0.14727227] , [ 0.14595609  0.12072614  0.34276266  0.26402078  0.12653434] , [ 0.12953989  0.12262508  0.31720499  0.29671231  0.13391773] , [ 0.17839644  0.1425081   0.23758868  0.29824579  0.14326099] , [ 0.09058867  0.08021527  0.18476838  0.27474619  0.36968149] , [ 0.1060798   0.10452155  0.30343345  0.33579389  0.1501713 ] , [ 0.03797147  0.04004959  0.15150032  0.49362369  0.27685493] , [ 0.03960034  0.04203649  0.15619322  0.50465852  0.25751142] , [ 0.12932941  0.1175803   0.28579638  0.33493141  0.1323625 ] , [ 0.20682043  0.44083936  0.18534931  0.10771493  0.05927598] , [ 0.19808488  0.14993374  0.2040656   0.30076835  0.14714743] , [ 0.09018086  0.07979695  0.18432778  0.27429257  0.37140185] , [ 0.7788929   0.06893252  0.07318426  0.04534123  0.0336491 ] , [ 0.71848944  0.078104    0.08645183  0.0751509   0.04180384] , [ 0.15732552  0.38320774  0.17494597  0.18838356  0.09613721] , [ 0.05333666  0.05096076  0.33296016  0.48179372  0.0809487 ] , [ 0.099605    0.09220637  0.19392808  0.46645189  0.14780866] , [ 0.19812574  0.14994982  0.2039922   0.30077591  0.14715634] , [ 0.44117219  0.20593872  0.19334448  0.10813319  0.05141142] , [ 0.06981626  0.07335073  0.24647584  0.45885681  0.15150036] , [ 0.08652998  0.09766972  0.30804799  0.23483654  0.27291577] , [ 0.59726448  0.10958975  0.12414684  0.10330282  0.06569612] , [ 0.05359565  0.06355607  0.32766025  0.4035715   0.15161653] , [ 0.24736694  0.14450984  0.19446912  0.27667925  0.13697485] , [ 0.13249447  0.15242264  0.1956929   0.39307621  0.12631379] , [ 0.13108461  0.24267753  0.3365135   0.19197456  0.0977498 ] , [ 0.09803911  0.09106584  0.20782334  0.47389593  0.12917578] , [ 0.10448537  0.07819353  0.27379931  0.44530501  0.09821679] , [ 0.57202238  0.10392009  0.12562241  0.12944182  0.06899331] , [ 0.07267239  0.07670755  0.26810073  0.46419153  0.11832781] , [ 0.54626454  0.1078401   0.13198882  0.1398493   0.07405726] , [ 0.19812355  0.14996034  0.20399078  0.3007712   0.14715413] , [ 0.09100382  0.08598405  0.18553817  0.27335127  0.36412269] , [ 0.19812538  0.14994993  0.2039923   0.30077593  0.14715646] , [ 0.73477101  0.07479943  0.08173219  0.06970464  0.03899272] , [ 0.19802951  0.14990067  0.20397925  0.3008311   0.14725947] , [ 0.19811883  0.14994627  0.20399136  0.30078832  0.14715521] , [ 0.41870615  0.04177428  0.09374026  0.27423544  0.17154387] , [ 0.11055884  0.06153201  0.29002337  0.45504405  0.08284172] , [ 0.08698202  0.07642867  0.18041222  0.26834215  0.38783494] , [ 0.14464003  0.12958038  0.29579926  0.29289693  0.13708339] , [ 0.15555343  0.1201187   0.2782384   0.33751244  0.10857703] , [ 0.68035335  0.08999008  0.10346513  0.0740185   0.05217294] , [ 0.11985217  0.45181962  0.21016341  0.14194215  0.07622265] , [ 0.14343494  0.12571527  0.26261525  0.29274734  0.1754872 ] ]
log_loss: 1.28159385372 

------------ LogisticRegression ------------
Predict Proba:
 [ 1.  0.  0.  0.  0.] , [ 0.   0.1  0.5  0.4  0. ] , [ 0.5  0.4  0.   0.1  0. ] , [ 0.   0.   0.   0.4  0.6] , [ 0.4  0.2  0.1  0.2  0.1] , [ 0.   0.   0.1  0.7  0.2] , [ 0.   0.   0.   0.5  0.5] , [ 0.   0.   0.1  0.9  0. ] , [ 0.   0.   0.   0.5  0.5] , [ 0.   0.   0.1  0.5  0.4] , [ 0.   0.1  0.6  0.   0.3] , [ 0.   0.8  0.2  0.   0. ] , [ 0.   0.1  0.1  0.6  0.2] , [ 1.  0.  0.  0.  0.] , [ 0.   0.   0.1  0.8  0.1] , [ 0.1  0.6  0.   0.2  0.1] , [ 0.   0.1  0.1  0.6  0.2] , [ 0.1  0.2  0.4  0.2  0.1] , [ 0.9  0.1  0.   0.   0. ] , [ 1.  0.  0.  0.  0.] , [ 0.4  0.3  0.1  0.1  0.1] , [ 0.   0.1  0.3  0.6  0. ] , [ 0.   0.   0.5  0.2  0.3] , [ 0.   0.1  0.4  0.4  0.1] , [ 0.   0.2  0.4  0.4  0. ] , [ 0.   0.   0.4  0.4  0.2] , [ 0.1  0.1  0.5  0.1  0.2] , [ 0.2  0.7  0.1  0.   0. ] , [ 1.  0.  0.  0.  0.] , [ 1.  0.  0.  0.  0.] , [ 0.6  0.2  0.1  0.1  0. ] , [ 0.1  0.5  0.2  0.2  0. ] , [ 0.   0.   0.1  0.5  0.4] , [ 0.   0.   0.2  0.6  0.2] , [ 0.   0.1  0.3  0.6  0. ] , [ 0.1  0.1  0.   0.8  0. ] , [ 0.2  0.3  0.4  0.1  0. ] , [ 0.   0.   0.6  0.4  0. ] , [ 0.   0.   0.2  0.7  0.1] , [ 0.3  0.3  0.3  0.1  0. ] , [ 0.6  0.3  0.   0.1  0. ] , [ 0.8  0.   0.1  0.   0.1] , [ 0.   0.2  0.6  0.1  0.1] , [ 0.3  0.2  0.3  0.2  0. ] , [ 0.1  0.3  0.4  0.1  0.1] , [ 0.4  0.3  0.2  0.1  0. ] , [ 0.   0.   0.   0.8  0.2] , [ 0.   0.1  0.4  0.3  0.2] , [ 0.2  0.   0.7  0.1  0. ] , [ 1.  0.  0.  0.  0.] , [ 0.   0.4  0.4  0.2  0. ] , [ 0.   0.   0.3  0.7  0. ] , [ 0.   0.   0.1  0.9  0. ] , [ 0.1  0.6  0.1  0.1  0.1] , [ 0.   0.   0.5  0.3  0.2] , [ 0.6  0.   0.1  0.2  0.1] , [ 0.   0.   0.4  0.5  0.1] , [ 0.   0.   0.3  0.7  0. ] , [ 0.   0.   0.2  0.8  0. ] , [ 0.   0.   0.1  0.9  0. ] , [ 0.   0.   0.1  0.4  0.5] , [ 1.  0.  0.  0.  0.] , [ 0.   0.   0.1  0.7  0.2] , [ 0.1  0.1  0.2  0.3  0.3] , [ 0.4  0.5  0.1  0.   0. ] , [ 0.   0.2  0.5  0.2  0.1] , [ 0.   0.4  0.5  0.1  0. ] , [ 0.6  0.   0.1  0.1  0.2] , [ 0.1  0.   0.1  0.6  0.2] , [ 1.  0.  0.  0.  0.] , [ 0.   0.   0.5  0.5  0. ] , [ 0.   0.1  0.1  0.6  0.2] , [ 0.8  0.1  0.   0.1  0. ] , [ 0.1  0.9  0.   0.   0. ] , [ 0.  0.  0.  1.  0.] , [ 0.   0.6  0.   0.2  0.2] , [ 1.  0.  0.  0.  0.] , [ 0.1  0.4  0.1  0.2  0.2] , [ 0.   0.3  0.2  0.1  0.4] , [ 0.   0.   0.6  0.3  0.1] , [ 0.   0.   0.3  0.6  0.1] , [ 0.5  0.3  0.   0.   0.2] , [ 0.   0.   0.   0.4  0.6] , [ 0.9  0.1  0.   0.   0. ] , [ 0.2  0.4  0.2  0.1  0.1] , [ 0.1  0.   0.   0.9  0. ] , [ 0.   0.   0.4  0.3  0.3] , [ 0.   0.   0.2  0.8  0. ] , [ 0.   0.   0.1  0.9  0. ] , [ 0.   0.   0.3  0.6  0.1] , [ 0.1  0.3  0.4  0.1  0.1] , [ 0.5  0.2  0.   0.1  0.2] , [ 1.  0.  0.  0.  0.] , [ 0.8  0.2  0.   0.   0. ] , [ 0.   0.   0.3  0.7  0. ] , [ 0.   0.1  0.6  0.2  0.1] , [ 0.   0.   0.2  0.4  0.4] , [ 0.2  0.4  0.4  0.   0. ] , [ 0.6  0.3  0.   0.   0.1] , [ 0.   0.1  0.1  0.7  0.1] , [ 0.2  0.5  0.1  0.1  0.1] , [ 0.1  0.   0.1  0.6  0.2] , [ 0.1  0.1  0.   0.6  0.2] , [ 0.   0.   0.   0.2  0.8] , [ 0.2  0.5  0.   0.1  0.2] , [ 0.   0.   0.3  0.7  0. ] , [ 0.9  0.1  0.   0.   0. ] , [ 0.5  0.   0.   0.3  0.2] , [ 0.1  0.4  0.4  0.   0.1] , [ 0.   0.2  0.1  0.6  0.1] , [ 0.   0.   0.3  0.7  0. ] , [ 0.   0.1  0.4  0.5  0. ] , [ 0.   0.2  0.5  0.3  0. ] , [ 0.   0.4  0.4  0.2  0. ] , [ 0.3  0.2  0.2  0.3  0. ] , [ 0.   0.   0.6  0.2  0.2] , [ 0.7  0.2  0.   0.1  0. ] , [ 0.1  0.   0.1  0.7  0.1] , [ 0.   0.   0.1  0.2  0.7] , [ 0.   0.   0.   0.9  0.1] , [ 0.   0.1  0.1  0.5  0.3] , [ 0.1  0.2  0.1  0.4  0.2] , [ 0.   0.2  0.6  0.1  0.1] , [ 0.7  0.3  0.   0.   0. ] , [ 0.   0.3  0.5  0.2  0. ] , [ 1.  0.  0.  0.  0.] , [ 0.4  0.4  0.2  0.   0. ] , [ 0.   0.1  0.6  0.1  0.2] , [ 0.7  0.3  0.   0.   0. ] , [ 0.   0.2  0.4  0.4  0. ] , [ 0.   0.   0.4  0.6  0. ] , [ 0.3  0.3  0.3  0.1  0. ] , [ 1.  0.  0.  0.  0.] , [ 1.  0.  0.  0.  0.] , [ 0.1  0.1  0.4  0.2  0.2] , [ 0.8  0.2  0.   0.   0. ] , [ 0.5  0.2  0.   0.1  0.2] , [ 0.   0.   0.4  0.5  0.1] , [ 0.   0.6  0.4  0.   0. ] , [ 0.4  0.3  0.2  0.1  0. ] , [ 0.1  0.2  0.6  0.1  0. ] , [ 0.   0.   0.1  0.7  0.2] , [ 0.   0.1  0.   0.8  0.1] , [ 0.   0.   0.5  0.4  0.1] , [ 0.   0.   0.1  0.8  0.1] , [ 0.   0.   0.   0.2  0.8] , [ 0.8  0.1  0.   0.1  0. ] , [ 0.   0.   0.4  0.6  0. ] , [ 0.   0.   0.   0.3  0.7] , [ 0.   0.   0.5  0.4  0.1] , [ 0.1  0.3  0.6  0.   0. ] , [ 0.   0.2  0.2  0.6  0. ] , [ 0.9  0.   0.1  0.   0. ] , [ 0.2  0.   0.   0.6  0.2] , [ 0.   0.   0.1  0.3  0.6] , [ 0.   0.   0.2  0.4  0.4] , [ 0.   0.   0.4  0.6  0. ] , [ 0.2  0.6  0.2  0.   0. ] , [ 0.   0.   0.1  0.8  0.1] , [ 0.1  0.   0.4  0.4  0.1] , [ 0.   0.   0.3  0.1  0.6] , [ 0.6  0.3  0.1  0.   0. ] , [ 0.1  0.4  0.2  0.3  0. ] , [ 0.5  0.   0.2  0.3  0. ] , [ 0.4  0.3  0.   0.   0.3] , [ 0.9  0.1  0.   0.   0. ] , [ 0.3  0.1  0.5  0.1  0. ] , [ 1.  0.  0.  0.  0.] , [ 0.   0.   0.2  0.3  0.5] , [ 0.5  0.3  0.   0.   0.2] , [ 0.2  0.3  0.3  0.1  0.1] , [ 0.   0.   0.1  0.8  0.1] , [ 0.   0.   0.2  0.7  0.1] , [ 0.3  0.5  0.   0.1  0.1] , [ 0.   0.6  0.4  0.   0. ] , [ 0.8  0.1  0.1  0.   0. ] , [ 0.   0.   0.3  0.4  0.3] , [ 0.1  0.   0.   0.6  0.3] , [ 1.  0.  0.  0.  0.] , [ 0.4  0.3  0.2  0.1  0. ] , [ 0.   0.2  0.3  0.4  0.1] , [ 0.2  0.8  0.   0.   0. ] , [ 0.1  0.2  0.1  0.1  0.5] , [ 0.1  0.   0.2  0.2  0.5] , [ 0.   0.4  0.3  0.3  0. ] , [ 0.   0.   0.1  0.4  0.5] , [ 0.   0.1  0.2  0.5  0.2] , [ 1.  0.  0.  0.  0.] , [ 1.  0.  0.  0.  0.] , [ 1.  0.  0.  0.  0.] , [ 0.   0.   0.1  0.6  0.3] , [ 0.   0.   0.1  0.6  0.3] , [ 0.8  0.1  0.1  0.   0. ] , [ 0.1  0.1  0.3  0.2  0.3] , [ 0.   0.3  0.7  0.   0. ] , [ 0.9  0.1  0.   0.   0. ] , [ 0.7  0.   0.1  0.2  0. ] , [ 0.1  0.2  0.5  0.1  0.1] , [ 0.   0.2  0.3  0.5  0. ] , [ 0.   0.2  0.2  0.5  0.1] , [ 0.7  0.   0.1  0.2  0. ] , [ 0.   0.1  0.   0.2  0.7] , [ 0.3  0.7  0.   0.   0. ] , [ 0.   0.   0.5  0.1  0.4] , [ 0.1  0.2  0.4  0.1  0.2] , [ 0.3  0.   0.1  0.4  0.2] , [ 0.2  0.2  0.3  0.3  0. ] , [ 0.   0.   0.3  0.6  0.1] , [ 0.   0.   0.3  0.3  0.4] , [ 0.   0.7  0.3  0.   0. ] , [ 0.1  0.3  0.5  0.1  0. ] , [ 0.   0.   0.4  0.4  0.2] , [ 0.   0.   0.   0.8  0.2] , [ 0.   0.   0.5  0.3  0.2] , [ 0.1  0.   0.   0.7  0.2] , [ 0.   0.1  0.5  0.3  0.1] , [ 0.3  0.6  0.   0.1  0. ] , [ 1.  0.  0.  0.  0.] , [ 1.  0.  0.  0.  0.] , [ 0.   0.2  0.1  0.4  0.3] , [ 0.   0.2  0.5  0.2  0.1] , [ 0.1  0.   0.1  0.5  0.3] , [ 0.7  0.1  0.2  0.   0. ] , [ 0.3  0.3  0.   0.3  0.1] , [ 0.1  0.7  0.2  0.   0. ] , [ 0.   0.1  0.2  0.7  0. ] , [ 1.  0.  0.  0.  0.] , [ 0.   0.4  0.5  0.1  0. ] , [ 0.4  0.5  0.   0.1  0. ] , [ 0.   0.1  0.5  0.4  0. ] , [ 1.  0.  0.  0.  0.] , [ 0.7  0.   0.2  0.1  0. ] , [ 0.4  0.3  0.3  0.   0. ] , [ 0.   0.   0.1  0.5  0.4] , [ 0.   0.   0.6  0.4  0. ] , [ 0.   0.3  0.3  0.4  0. ] , [ 0.   0.   0.2  0.6  0.2] , [ 0.1  0.   0.   0.1  0.8] , [ 1.  0.  0.  0.  0.] , [ 0.6  0.   0.2  0.1  0.1] , [ 0.   0.6  0.2  0.2  0. ] , [ 0.   0.5  0.2  0.3  0. ] , [ 0.  0.  0.  0.  1.] , [ 0.   0.   0.   0.5  0.5] , [ 0.   0.   0.   0.1  0.9] , [ 0.1  0.1  0.7  0.1  0. ] , [ 0.   0.   0.1  0.6  0.3] , [ 0.   0.   0.4  0.3  0.3] , [ 1.  0.  0.  0.  0.] , [ 0.   0.   0.   0.7  0.3] , [ 0.   0.   0.2  0.8  0. ] , [ 0.   0.2  0.6  0.1  0.1] , [ 0.   0.1  0.1  0.8  0. ] , [ 0.1  0.1  0.3  0.2  0.3] , [ 0.   0.   0.1  0.3  0.6] , [ 0.   0.1  0.4  0.3  0.2] , [ 0.   0.   0.   0.4  0.6] , [ 0.   0.   0.   0.8  0.2] , [ 0.   0.1  0.5  0.4  0. ] , [ 0.   0.1  0.6  0.2  0.1] , [ 0.   0.1  0.1  0.8  0. ] , [ 0.   0.   0.1  0.4  0.5] , [ 1.  0.  0.  0.  0.] , [ 1.  0.  0.  0.  0.] , [ 0.4  0.6  0.   0.   0. ] , [ 0.   0.   0.8  0.2  0. ] , [ 0.   0.1  0.7  0.2  0. ] , [ 0.8  0.1  0.1  0.   0. ] , [ 0.7  0.3  0.   0.   0. ] , [ 0.   0.   0.   0.4  0.6] , [ 0.1  0.4  0.2  0.3  0. ] , [ 0.5  0.2  0.2  0.1  0. ] , [ 0.   0.   0.1  0.9  0. ] , [ 0.   0.7  0.3  0.   0. ] , [ 0.1  0.   0.   0.6  0.3] , [ 0.   0.   0.4  0.6  0. ] , [ 0.   0.   0.2  0.7  0.1] , [ 0.   0.1  0.2  0.4  0.3] , [ 1.  0.  0.  0.  0.] , [ 0.   0.   0.   0.9  0.1] , [ 0.9  0.1  0.   0.   0. ] , [ 0.   0.1  0.5  0.2  0.2] , [ 0.   0.1  0.   0.1  0.8] , [ 0.9  0.   0.1  0.   0. ] , [ 1.  0.  0.  0.  0.] , [ 0.1  0.6  0.2  0.1  0. ] , [ 0.   0.   0.2  0.6  0.2] , [ 0.7  0.3  0.   0.   0. ] , [ 0.   0.1  0.8  0.1  0. ] , [ 0.   0.   0.1  0.   0.9] , [ 0.1  0.   0.5  0.4  0. ] , [ 0.1  0.   0.7  0.2  0. ] , [ 1.  0.  0.  0.  0.] , [ 0.2  0.8  0.   0.   0. ] , [ 0.   0.   0.   0.2  0.8] ]
log_loss: 2.08399317803 

