------------ LogisticRegression ------------
Predict Proba:
 [ 0.44026437  0.55973563] , [ 0.84768484  0.15231516] , [ 0.45246662  0.54753338] , [ 0.89813967  0.10186033] , [ 0.77909155  0.22090845] , [ 0.37857084  0.62142916] , [ 0.04561078  0.95438922] , [ 0.55383302  0.44616698] , [ 0.90288701  0.09711299] , [ 0.67125683  0.32874317] , [ 0.09935783  0.90064217] , [ 0.79636593  0.20363407] , [ 0.824521  0.175479] , [ 0.76993013  0.23006987] , [ 0.08089057  0.91910943] , [ 0.97058228  0.02941772] , [ 0.68465425  0.31534575] , [ 0.07000402  0.92999598] , [ 0.05723905  0.94276095] , [ 0.69994259  0.30005741] , [ 0.89336187  0.10663813] , [ 0.89468176  0.10531824] , [ 0.08115238  0.91884762] , [ 0.70704623  0.29295377] , [ 0.06470428  0.93529572] , [ 0.94739811  0.05260189] , [ 0.62106937  0.37893063] , [ 0.88505909  0.11494091] , [ 0.31639524  0.68360476] , [ 0.7432799  0.2567201] , [ 0.89626516  0.10373484] , [ 0.09064206  0.90935794] , [ 0.01341954  0.98658046] , [ 0.87186816  0.12813184] , [ 0.78134385  0.21865615] , [ 0.20379503  0.79620497] , [ 0.96405604  0.03594396] , [ 0.28634322  0.71365678] , [ 0.26047459  0.73952541] , [ 0.93675387  0.06324613] , [ 0.27034465  0.72965535] , [ 0.92935975  0.07064025] , [ 0.91786643  0.08213357] , [ 0.11687531  0.88312469] , [ 0.92223446  0.07776554] , [ 0.09432581  0.90567419] , [ 0.00183968  0.99816032] , [ 0.24591392  0.75408608] , [ 0.72015844  0.27984156] , [ 0.60231801  0.39768199] , [ 0.93134816  0.06865184] , [ 0.28535373  0.71464627] , [ 0.89328924  0.10671076] , [ 0.03171015  0.96828985] , [ 0.68306723  0.31693277] , [ 0.41883986  0.58116014] , [ 0.08535019  0.91464981] , [ 0.77942141  0.22057859] , [ 0.91678588  0.08321412] , [ 0.10822709  0.89177291] , [ 0.84265946  0.15734054] , [ 0.1562528  0.8437472] , [ 0.91284941  0.08715059] , [ 0.15085441  0.84914559] , [ 0.32142687  0.67857313] , [ 0.84161721  0.15838279] , [ 0.9147895  0.0852105] , [ 0.5712498  0.4287502] , [ 0.00769226  0.99230774] , [ 0.97648861  0.02351139] , [ 0.14226398  0.85773602] , [ 0.86381411  0.13618589] , [ 0.65880226  0.34119774] , [ 0.93301646  0.06698354] , [ 0.97409793  0.02590207] , [ 0.23776747  0.76223253] , [ 0.00693703  0.99306297] , [ 0.64708856  0.35291144] , [ 0.82599472  0.17400528] , [ 0.91069719  0.08930281] , [ 0.32567231  0.67432769] , [ 0.07090548  0.92909452] , [ 0.01301295  0.98698705] , [ 0.20348325  0.79651675] , [ 0.63548023  0.36451977] , [ 0.36028662  0.63971338] , [ 0.42247851  0.57752149] ]
log_loss: 0.415775596636 

------------ 		SVC         ------------
Predict Proba:
 [ 0.58184592  0.41815408] , [ 0.58184592  0.41815408] , [ 0.58184592  0.41815408] , [ 0.58184592  0.41815408] , [ 0.58184592  0.41815408] , [ 0.58184592  0.41815408] , [ 0.58184592  0.41815408] , [ 0.58176611  0.41823389] , [ 0.5808736  0.4191264] , [ 0.58184592  0.41815408] , [ 0.58184592  0.41815408] , [ 0.58205832  0.41794168] , [ 0.58184542  0.41815458] , [ 0.58184592  0.41815408] , [ 0.58184592  0.41815408] , [ 0.58184592  0.41815408] , [ 0.58184592  0.41815408] , [ 0.58184592  0.41815408] , [ 0.58184592  0.41815408] , [ 0.58184592  0.41815408] , [ 0.58184592  0.41815408] , [ 0.58184289  0.41815711] , [ 0.58184592  0.41815408] , [ 0.58134831  0.41865169] , [ 0.58184592  0.41815408] , [ 0.58184551  0.41815449] , [ 0.58184592  0.41815408] , [ 0.58184466  0.41815534] , [ 0.58184592  0.41815408] , [ 0.58184592  0.41815408] , [ 0.58184592  0.41815408] , [ 0.58184592  0.41815408] , [ 0.58184592  0.41815408] , [ 0.58183066  0.41816934] , [ 0.58184592  0.41815408] , [ 0.58184592  0.41815408] , [ 0.58184432  0.41815568] , [ 0.58184592  0.41815408] , [ 0.58184592  0.41815408] , [ 0.58184592  0.41815408] , [ 0.58184592  0.41815408] , [ 0.581826  0.418174] , [ 0.57990159  0.42009841] , [ 0.58184592  0.41815408] , [ 0.58184592  0.41815408] , [ 0.58184592  0.41815408] , [ 0.58184592  0.41815408] , [ 0.58184592  0.41815408] , [ 0.58184592  0.41815408] , [ 0.58138628  0.41861372] , [ 0.58184579  0.41815421] , [ 0.58184592  0.41815408] , [ 0.58184592  0.41815408] , [ 0.58184592  0.41815408] , [ 0.58183022  0.41816978] , [ 0.58184592  0.41815408] , [ 0.58184592  0.41815408] , [ 0.58184343  0.41815657] , [ 0.58184592  0.41815408] , [ 0.58184592  0.41815408] , [ 0.58184592  0.41815408] , [ 0.58184592  0.41815408] , [ 0.58184592  0.41815408] , [ 0.58184592  0.41815408] , [ 0.58178031  0.41821969] , [ 0.58184592  0.41815408] , [ 0.58184591  0.41815409] , [ 0.58183553  0.41816447] , [ 0.58184592  0.41815408] , [ 0.58184592  0.41815408] , [ 0.58184592  0.41815408] , [ 0.58184592  0.41815408] , [ 0.58184592  0.41815408] , [ 0.5818454  0.4181546] , [ 0.58184462  0.41815538] , [ 0.58184592  0.41815408] , [ 0.58184592  0.41815408] , [ 0.58184972  0.41815028] , [ 0.58184592  0.41815408] , [ 0.5818454  0.4181546] , [ 0.58183179  0.41816821] , [ 0.58184592  0.41815408] , [ 0.68608053  0.31391947] , [ 0.58184592  0.41815408] , [ 0.58184592  0.41815408] , [ 0.58184593  0.41815407] , [ 0.58192312  0.41807688] ]
log_loss: 0.727191137705 

------------ LogisticRegression ------------
Predict Proba:
 [ 0.6  0.4] , [ 0.9  0.1] , [ 0.1  0.9] , [ 0.8  0.2] , [ 0.9  0.1] , [ 0.3  0.7] , [ 0.  1.] , [ 0.5  0.5] , [ 0.8  0.2] , [ 0.8  0.2] , [ 0.3  0.7] , [ 0.8  0.2] , [ 0.8  0.2] , [ 0.8  0.2] , [ 0.2  0.8] , [ 1.  0.] , [ 0.8  0.2] , [ 0.1  0.9] , [ 0.2  0.8] , [ 0.6  0.4] , [ 0.9  0.1] , [ 1.  0.] , [ 0.4  0.6] , [ 0.8  0.2] , [ 0.1  0.9] , [ 1.  0.] , [ 0.4  0.6] , [ 0.8  0.2] , [ 0.2  0.8] , [ 0.3  0.7] , [ 0.8  0.2] , [ 0.4  0.6] , [ 0.2  0.8] , [ 1.  0.] , [ 0.9  0.1] , [ 0.1  0.9] , [ 0.9  0.1] , [ 0.5  0.5] , [ 0.4  0.6] , [ 0.9  0.1] , [ 0.4  0.6] , [ 0.9  0.1] , [ 1.  0.] , [ 0.2  0.8] , [ 0.9  0.1] , [ 0.1  0.9] , [ 0.  1.] , [ 0.6  0.4] , [ 0.6  0.4] , [ 0.4  0.6] , [ 1.  0.] , [ 0.4  0.6] , [ 0.7  0.3] , [ 0.3  0.7] , [ 0.6  0.4] , [ 0.4  0.6] , [ 0.3  0.7] , [ 1.  0.] , [ 0.9  0.1] , [ 0.4  0.6] , [ 0.7  0.3] , [ 0.3  0.7] , [ 0.8  0.2] , [ 0.5  0.5] , [ 0.6  0.4] , [ 0.7  0.3] , [ 1.  0.] , [ 0.5  0.5] , [ 0.2  0.8] , [ 0.9  0.1] , [ 0.4  0.6] , [ 0.8  0.2] , [ 0.5  0.5] , [ 0.9  0.1] , [ 1.  0.] , [ 0.8  0.2] , [ 0.1  0.9] , [ 0.5  0.5] , [ 0.6  0.4] , [ 1.  0.] , [ 0.6  0.4] , [ 0.3  0.7] , [ 0.1  0.9] , [ 0.  1.] , [ 0.6  0.4] , [ 0.6  0.4] , [ 0.5  0.5] ]
log_loss: 0.517525638252 

