------------ LogisticRegression ------------
Predict Proba:
 [  1.73109680e-05   9.99982689e-01   4.66344409e-16] , [  8.14142182e-06   9.99991857e-01   1.15573392e-09] , [  3.35175326e-04   9.99664824e-01   7.49151755e-10] , [  9.99999998e-01   9.18195734e-17   1.64239319e-09] , [  9.98200692e-01   7.03676484e-04   1.09563164e-03] , [  5.09788661e-03   9.94902113e-01   1.78875798e-16] , [  1.92738252e-07   9.99999807e-01   5.47278011e-11] , [  7.92636428e-01   2.07363572e-01   2.72724239e-27] , [  6.35994040e-04   9.99364005e-01   9.69283128e-10] , [  1.19084018e-06   9.99604145e-01   3.94664291e-04] , [  1.00000000e+00   4.09339937e-16   1.58680661e-20] , [  4.64486714e-06   9.99995355e-01   2.34184514e-13] , [  9.98210495e-01   1.78950152e-03   3.43830105e-09] , [  5.77239677e-01   4.22760323e-01   1.21623257e-14] , [  1.19778264e-10   7.49621596e-01   2.50378404e-01] , [  3.90549027e-02   9.60945097e-01   2.23713071e-24] , [  4.08052013e-08   6.63251319e-01   3.36748640e-01] , [  9.99258222e-01   7.41778134e-04   1.05030368e-15] , [  8.30196760e-05   7.25186847e-01   2.74730134e-01] , [  1.13637525e-08   9.99999011e-01   9.77411673e-07] , [  6.94642941e-01   3.05357059e-01   1.18094062e-21] ]
log_loss: 4.67396390433 

------------ 		SVC         ------------
Predict Proba:
 [ 0.47100629  0.46828931  0.0607044 ] , [ 0.47100629  0.46828931  0.0607044 ] , [ 0.47100629  0.46828931  0.0607044 ] , [ 0.47100629  0.46828931  0.0607044 ] , [ 0.47100629  0.46828931  0.0607044 ] , [ 0.47100629  0.46828931  0.0607044 ] , [ 0.47100629  0.46828931  0.0607044 ] , [ 0.47100629  0.46828931  0.0607044 ] , [ 0.47100629  0.46828931  0.0607044 ] , [ 0.47100629  0.46828931  0.0607044 ] , [ 0.47100629  0.46828931  0.0607044 ] , [ 0.47100629  0.46828931  0.0607044 ] , [ 0.47100629  0.46828931  0.0607044 ] , [ 0.47100629  0.46828931  0.0607044 ] , [ 0.47100629  0.46828931  0.0607044 ] , [ 0.47100629  0.46828931  0.0607044 ] , [ 0.47100629  0.46828931  0.0607044 ] , [ 0.47100629  0.46828931  0.0607044 ] , [ 0.47100629  0.46828931  0.0607044 ] , [ 0.47100629  0.46828931  0.0607044 ] , [ 0.47100629  0.46828931  0.0607044 ] ]
log_loss: 1.34019943171 

------------ LogisticRegression ------------
Predict Proba:
 [ 0.   0.8  0.2] , [ 0.1  0.9  0. ] , [ 0.   0.6  0.4] , [ 0.8  0.2  0. ] , [ 0.6  0.4  0. ] , [ 0.8  0.2  0. ] , [ 0.   0.8  0.2] , [ 0.8  0.2  0. ] , [ 0.4  0.6  0. ] , [ 0.   0.5  0.5] , [ 0.6  0.3  0.1] , [ 0.8  0.2  0. ] , [ 0.7  0.3  0. ] , [ 0.9  0.1  0. ] , [ 0.   0.3  0.7] , [ 0.2  0.6  0.2] , [ 0.   0.9  0.1] , [ 0.4  0.4  0.2] , [ 0.3  0.4  0.3] , [ 0.   0.4  0.6] , [ 0.7  0.1  0.2] ]
log_loss: 3.67535627772 

