------------ LogisticRegression ------------
Predict Proba:
 [ 0.00586711  0.99413289] , [ 0.02337052  0.97662948] , [ 0.00802942  0.99197058] , [ 0.00973552  0.99026448] , [ 0.31632664  0.68367336] , [ 0.00864383  0.99135617] , [ 0.01880294  0.98119706] , [ 0.31068361  0.68931639] , [ 0.00461247  0.99538753] , [ 0.01916933  0.98083067] , [ 0.05959372  0.94040628] , [ 0.00953486  0.99046514] , [ 0.43404339  0.56595661] , [ 0.03112028  0.96887972] , [ 0.64207329  0.35792671] , [ 0.00181501  0.99818499] , [ 0.09173404  0.90826596] , [ 0.20499369  0.79500631] , [ 0.6927308  0.3072692] , [ 0.10052123  0.89947877] , [ 0.0054341  0.9945659] , [ 0.06972948  0.93027052] , [ 0.14943807  0.85056193] , [ 0.03067613  0.96932387] , [ 0.01838554  0.98161446] , [ 0.11340057  0.88659943] , [ 0.05087205  0.94912795] , [ 0.06798699  0.93201301] , [ 0.04623592  0.95376408] , [ 0.26654633  0.73345367] , [ 0.15022832  0.84977168] , [ 0.30422537  0.69577463] ]
log_loss: 0.304789510872 

------------ 		SVC         ------------
Predict Proba:
 [ 0.12410956  0.87589044] , [ 0.12410956  0.87589044] , [ 0.12410956  0.87589044] , [ 0.12410956  0.87589044] , [ 0.12410956  0.87589044] , [ 0.12410956  0.87589044] , [ 0.12410956  0.87589044] , [ 0.12410956  0.87589044] , [ 0.12410956  0.87589044] , [ 0.12410956  0.87589044] , [ 0.12419966  0.87580034] , [ 0.12410966  0.87589034] , [ 0.12410956  0.87589044] , [ 0.12410956  0.87589044] , [ 0.12413903  0.87586097] , [ 0.12410956  0.87589044] , [ 0.12410956  0.87589044] , [ 0.12410096  0.87589904] , [ 0.12410956  0.87589044] , [ 0.12410956  0.87589044] , [ 0.13821936  0.86178064] , [ 0.12410956  0.87589044] , [ 0.12410956  0.87589044] , [ 0.12410956  0.87589044] , [ 0.12410956  0.87589044] , [ 0.12410956  0.87589044] , [ 0.12410961  0.87589039] , [ 0.12410957  0.87589043] , [ 0.12453978  0.87546022] , [ 0.12410956  0.87589044] , [ 0.12410956  0.87589044] , [ 0.12410164  0.87589836] ]
log_loss: 0.499426389886 

------------ LogisticRegression ------------
Predict Proba:
 [ 0.  1.] , [ 0.  1.] , [ 0.2  0.8] , [ 0.  1.] , [ 0.2  0.8] , [ 0.5  0.5] , [ 0.  1.] , [ 0.1  0.9] , [ 0.  1.] , [ 0.  1.] , [ 0.  1.] , [ 0.  1.] , [ 0.4  0.6] , [ 0.  1.] , [ 0.7  0.3] , [ 0.  1.] , [ 0.2  0.8] , [ 0.2  0.8] , [ 0.9  0.1] , [ 0.2  0.8] , [ 0.  1.] , [ 0.  1.] , [ 0.4  0.6] , [ 0.1  0.9] , [ 0.  1.] , [ 0.  1.] , [ 0.  1.] , [ 0.2  0.8] , [ 0.  1.] , [ 0.  1.] , [ 0.2  0.8] , [ 0.3  0.7] ]
log_loss: 0.291012989559 

