------------ LogisticRegression ------------
Predict Proba:
 [  2.64209040e-38   3.30868106e-10   1.00000000e+00] , [  9.99999988e-01   1.18144837e-08   8.27589152e-18] , [  1.60899222e-23   4.98910146e-01   5.01089854e-01] , [  1.14739269e-11   6.44183503e-27   1.00000000e+00] , [  1.00000000e+00   2.23348172e-18   1.41704452e-10] , [  9.83265785e-01   5.65934084e-16   1.67342152e-02] , [  6.06110432e-18   4.98784920e-09   9.99999995e-01] , [  1.58546702e-01   8.41453298e-01   5.60317158e-12] , [  9.99999998e-01   1.92837472e-09   2.80305217e-25] , [  1.00000000e+00   4.09546938e-18   2.09689858e-12] , [  2.52144939e-08   9.96174114e-01   3.82586078e-03] , [  2.13981415e-23   2.16406002e-20   1.00000000e+00] , [  1.86955611e-12   7.62141627e-01   2.37858373e-01] , [ 0.02708613  0.02764548  0.94526838] , [  3.56125578e-13   2.32645696e-11   1.00000000e+00] ]
log_loss: 5.44254234896 

------------ 		SVC         ------------
Predict Proba:
 [ 0.33333333  0.33333333  0.33333333] , [ 0.33333333  0.33333333  0.33333333] , [ 0.33333333  0.33333333  0.33333333] , [ 0.33333333  0.33333333  0.33333333] , [ 0.33333333  0.33333333  0.33333333] , [ 0.33333333  0.33333333  0.33333333] , [ 0.33333333  0.33333333  0.33333333] , [ 0.33333333  0.33333333  0.33333333] , [ 0.33333333  0.33333333  0.33333333] , [ 0.33333333  0.33333333  0.33333333] , [ 0.33333333  0.33333333  0.33333333] , [ 0.33333333  0.33333333  0.33333333] , [ 0.33333333  0.33333333  0.33333333] , [ 0.33333333  0.33333333  0.33333333] , [ 0.33333333  0.33333333  0.33333333] ]
log_loss: 1.09861228867 

------------ LogisticRegression ------------
Predict Proba:
 [ 0.  0.  1.] , [ 0.8  0.2  0. ] , [ 0.1  0.6  0.3] , [ 0.   0.3  0.7] , [ 0.7  0.1  0.2] , [ 0.   0.1  0.9] , [ 0.4  0.2  0.4] , [ 0.6  0.3  0.1] , [ 0.4  0.6  0. ] , [ 0.6  0.1  0.3] , [ 0.4  0.6  0. ] , [ 0.1  0.1  0.8] , [ 0.1  0.8  0.1] , [ 0.4  0.5  0.1] , [ 0.   0.5  0.5] ]
log_loss: 0.652989454342 

