------------ LogisticRegression ------------
Predict Proba:
 [ 0.7599633  0.2400367] , [ 0.72841972  0.27158028] , [ 0.29347985  0.70652015] , [ 0.88730916  0.11269084] , [ 0.84685936  0.15314064] , [ 0.36312778  0.63687222] , [ 0.68293547  0.31706453] , [ 0.58708686  0.41291314] , [ 0.63850122  0.36149878] , [ 0.61870684  0.38129316] , [ 0.05193651  0.94806349] , [ 0.71083411  0.28916589] , [ 0.92252639  0.07747361] , [ 0.81902616  0.18097384] , [ 0.02729318  0.97270682] , [ 0.91232469  0.08767531] , [ 0.08473477  0.91526523] , [ 0.05816187  0.94183813] , [ 0.02899983  0.97100017] , [ 0.80324573  0.19675427] , [ 0.02171367  0.97828633] , [ 0.9362783  0.0637217] , [ 0.05268557  0.94731443] , [ 0.71406996  0.28593004] , [ 0.0588732  0.9411268] , [ 0.92700482  0.07299518] , [ 0.66014646  0.33985354] , [ 0.8790788  0.1209212] , [ 0.51770841  0.48229159] , [ 0.04532368  0.95467632] , [ 0.73482965  0.26517035] , [ 0.10842499  0.89157501] , [ 0.02333602  0.97666398] , [ 0.65621288  0.34378712] , [ 0.84738268  0.15261732] , [ 0.08672342  0.91327658] , [ 0.97534605  0.02465395] , [ 0.15026094  0.84973906] , [ 0.22940703  0.77059297] , [ 0.96273038  0.03726962] , [ 0.18874412  0.81125588] , [ 0.6788102  0.3211898] , [ 0.96538986  0.03461014] , [ 0.06049496  0.93950504] , [ 0.9392505  0.0607495] , [ 0.04522238  0.95477762] , [  9.18947352e-04   9.99081053e-01] , [ 0.96783298  0.03216702] , [ 0.71543393  0.28456607] , [ 0.78994844  0.21005156] , [ 0.93531673  0.06468327] , [ 0.39804833  0.60195167] , [ 0.93851137  0.06148863] , [ 0.03108965  0.96891035] , [ 0.43425053  0.56574947] , [ 0.67084882  0.32915118] , [ 0.07575925  0.92424075] , [ 0.8875299  0.1124701] , [ 0.97312336  0.02687664] , [ 0.1238332  0.8761668] , [ 0.76428787  0.23571213] , [ 0.14833463  0.85166537] , [ 0.96529052  0.03470948] , [ 0.13853871  0.86146129] , [ 0.26514898  0.73485102] , [ 0.8857431  0.1142569] , [ 0.91594625  0.08405375] , [ 0.67412911  0.32587089] , [ 0.00816835  0.99183165] , [ 0.95842735  0.04157265] , [ 0.15759143  0.84240857] , [ 0.81386314  0.18613686] , [ 0.77842584  0.22157416] , [ 0.92539789  0.07460211] , [ 0.97470705  0.02529295] , [ 0.09252281  0.90747719] , [ 0.00264079  0.99735921] , [ 0.58063384  0.41936616] , [ 0.78262613  0.21737387] , [ 0.02686778  0.97313222] , [ 0.09124469  0.90875531] , [ 0.07661331  0.92338669] , [ 0.00617569  0.99382431] , [ 0.25689394  0.74310606] , [ 0.47134614  0.52865386] , [ 0.40621666  0.59378334] , [ 0.39212756  0.60787244] ]
log_loss: 0.388470123762 

------------ 		SVC         ------------
Predict Proba:
 [ 0.58454186  0.41545814] , [ 0.58453954  0.41546046] , [ 0.58454184  0.41545816] , [ 0.58454184  0.41545816] , [ 0.58454184  0.41545816] , [ 0.58454184  0.41545816] , [ 0.58454182  0.41545818] , [ 0.58445288  0.41554712] , [ 0.58454184  0.41545816] , [ 0.58454184  0.41545816] , [ 0.58454184  0.41545816] , [ 0.58454167  0.41545833] , [ 0.58453265  0.41546735] , [ 0.58454184  0.41545816] , [ 0.58454184  0.41545816] , [ 0.54034253  0.45965747] , [ 0.58454184  0.41545816] , [ 0.584542  0.415458] , [ 0.58474402  0.41525598] , [ 0.58458143  0.41541857] , [ 0.58454184  0.41545816] , [ 0.58454184  0.41545816] , [ 0.58454184  0.41545816] , [ 0.58454174  0.41545826] , [ 0.58454184  0.41545816] , [ 0.58454142  0.41545858] , [ 0.58454184  0.41545816] , [ 0.58430839  0.41569161] , [ 0.58454184  0.41545816] , [ 0.5845504  0.4154496] , [ 0.58454184  0.41545816] , [ 0.58454184  0.41545816] , [ 0.58454184  0.41545816] , [ 0.58454184  0.41545816] , [ 0.58454163  0.41545837] , [ 0.58454184  0.41545816] , [ 0.58454063  0.41545937] , [ 0.58454184  0.41545816] , [ 0.58454184  0.41545816] , [ 0.58454184  0.41545816] , [ 0.58454184  0.41545816] , [ 0.58454185  0.41545815] , [ 0.58253711  0.41746289] , [ 0.58454184  0.41545816] , [ 0.58454183  0.41545817] , [ 0.58454184  0.41545816] , [ 0.58454184  0.41545816] , [ 0.58407738  0.41592262] , [ 0.58454184  0.41545816] , [ 0.58454184  0.41545816] , [ 0.58454168  0.41545832] , [ 0.58454184  0.41545816] , [ 0.58454184  0.41545816] , [ 0.58454184  0.41545816] , [ 0.58454138  0.41545862] , [ 0.58454184  0.41545816] , [ 0.58454184  0.41545816] , [ 0.58450541  0.41549459] , [ 0.58454184  0.41545816] , [ 0.58454184  0.41545816] , [ 0.58454184  0.41545816] , [ 0.58454184  0.41545816] , [ 0.58454184  0.41545816] , [ 0.58454186  0.41545814] , [ 0.58446151  0.41553849] , [ 0.58454184  0.41545816] , [ 0.58454183  0.41545817] , [ 0.58453229  0.41546771] , [ 0.58454184  0.41545816] , [ 0.58454179  0.41545821] , [ 0.58454184  0.41545816] , [ 0.58454184  0.41545816] , [ 0.58454184  0.41545816] , [ 0.58454131  0.41545869] , [ 0.5845405  0.4154595] , [ 0.7360724  0.2639276] , [ 0.58454184  0.41545816] , [ 0.58454574  0.41545426] , [ 0.58454184  0.41545816] , [ 0.58454184  0.41545816] , [ 0.58454184  0.41545816] , [ 0.58455116  0.41544884] , [ 0.5847152  0.4152848] , [ 0.58454184  0.41545816] , [ 0.58454184  0.41545816] , [ 0.58454184  0.41545816] , [ 0.58467649  0.41532351] ]
log_loss: 0.731472684921 

------------ LogisticRegression ------------
Predict Proba:
 [ 0.7  0.3] , [ 0.6  0.4] , [ 0.1  0.9] , [ 0.7  0.3] , [ 0.9  0.1] , [ 0.2  0.8] , [ 0.6  0.4] , [ 0.6  0.4] , [ 0.6  0.4] , [ 0.7  0.3] , [ 0.1  0.9] , [ 0.5  0.5] , [ 1.  0.] , [ 0.9  0.1] , [ 0.  1.] , [ 1.  0.] , [ 0.4  0.6] , [ 0.1  0.9] , [ 0.  1.] , [ 1.  0.] , [ 0.  1.] , [ 1.  0.] , [ 0.  1.] , [ 0.8  0.2] , [ 0.  1.] , [ 0.7  0.3] , [ 0.6  0.4] , [ 1.  0.] , [ 0.5  0.5] , [ 0.  1.] , [ 0.9  0.1] , [ 0.  1.] , [ 0.1  0.9] , [ 0.2  0.8] , [ 0.9  0.1] , [ 0.  1.] , [ 1.  0.] , [ 0.4  0.6] , [ 0.  1.] , [ 0.9  0.1] , [ 0.2  0.8] , [ 0.4  0.6] , [ 1.  0.] , [ 0.1  0.9] , [ 1.  0.] , [ 0.  1.] , [ 0.  1.] , [ 1.  0.] , [ 0.7  0.3] , [ 0.6  0.4] , [ 1.  0.] , [ 0.6  0.4] , [ 0.8  0.2] , [ 0.3  0.7] , [ 0.3  0.7] , [ 0.7  0.3] , [ 0.1  0.9] , [ 1.  0.] , [ 0.9  0.1] , [ 0.3  0.7] , [ 0.6  0.4] , [ 0.5  0.5] , [ 0.8  0.2] , [ 0.4  0.6] , [ 0.4  0.6] , [ 0.8  0.2] , [ 0.8  0.2] , [ 0.5  0.5] , [ 0.  1.] , [ 0.7  0.3] , [ 0.3  0.7] , [ 0.7  0.3] , [ 0.5  0.5] , [ 0.6  0.4] , [ 0.9  0.1] , [ 0.  1.] , [ 0.1  0.9] , [ 0.6  0.4] , [ 0.5  0.5] , [ 0.1  0.9] , [ 0.4  0.6] , [ 0.1  0.9] , [ 0.1  0.9] , [ 0.3  0.7] , [ 0.6  0.4] , [ 0.8  0.2] , [ 0.3  0.7] ]
log_loss: 1.16164717308 

