------------ LogisticRegression ------------
Predict Proba:
 [ 0.62708634  0.37291366] , [ 0.70230497  0.29769503] , [ 0.10570975  0.89429025] , [ 0.58701896  0.41298104] , [  9.99102985e-01   8.97015329e-04] , [ 0.38863738  0.61136262] , [ 0.52807301  0.47192699] , [ 0.75805685  0.24194315] , [ 0.9948096  0.0051904] , [ 0.95512225  0.04487775] , [ 0.00130399  0.99869601] , [ 0.99419076  0.00580924] , [ 0.70956259  0.29043741] , [ 0.18900703  0.81099297] , [ 0.79130077  0.20869923] , [ 0.74498437  0.25501563] , [ 0.03465143  0.96534857] , [ 0.27887932  0.72112068] , [ 0.74341181  0.25658819] , [ 0.97447249  0.02552751] , [ 0.00389317  0.99610683] , [ 0.97983968  0.02016032] ]
log_loss: 0.291684339224 

------------ 		SVC         ------------
Predict Proba:
 [ 0.55687558  0.44312442] , [ 0.55687558  0.44312442] , [ 0.55687558  0.44312442] , [ 0.55687558  0.44312442] , [ 0.55687558  0.44312442] , [ 0.55687558  0.44312442] , [ 0.55687558  0.44312442] , [ 0.55679128  0.44320872] , [ 0.55687558  0.44312442] , [ 0.55687558  0.44312442] , [ 0.55751162  0.44248838] , [ 0.55687558  0.44312442] , [ 0.55687558  0.44312442] , [ 0.55687558  0.44312442] , [ 0.55687558  0.44312442] , [ 0.55687558  0.44312442] , [ 0.55687558  0.44312442] , [ 0.55687558  0.44312442] , [ 0.55687558  0.44312442] , [ 0.55689588  0.44310412] , [ 0.55687558  0.44312442] , [ 0.55687558  0.44312442] ]
log_loss: 0.689343614148 

------------ LogisticRegression ------------
Predict Proba:
 [ 0.2  0.8] , [ 0.9  0.1] , [ 0.6  0.4] , [ 1.  0.] , [ 0.9  0.1] , [ 0.4  0.6] , [ 0.5  0.5] , [ 0.6  0.4] , [ 0.8  0.2] , [ 0.5  0.5] , [ 0.3  0.7] , [ 0.7  0.3] , [ 0.4  0.6] , [ 0.3  0.7] , [ 0.9  0.1] , [ 0.6  0.4] , [ 0.1  0.9] , [ 0.7  0.3] , [ 0.3  0.7] , [ 0.9  0.1] , [ 0.2  0.8] , [ 0.8  0.2] ]
log_loss: 0.400063729991 

