------------ LogisticRegression ------------
Predict Proba:
 [ 0.52588323  0.47411677] , [ 0.62253554  0.37746446] , [ 0.8607257  0.1392743] , [ 0.84301477  0.15698523] , [ 0.72227723  0.27772277] , [ 0.90896731  0.09103269] , [ 0.61873474  0.38126526] , [ 0.36307632  0.63692368] , [ 0.57457862  0.42542138] , [ 0.14592576  0.85407424] , [ 0.75337475  0.24662525] , [ 0.70743665  0.29256335] , [ 0.86334014  0.13665986] , [ 0.82432682  0.17567318] , [ 0.08109833  0.91890167] , [ 0.90643683  0.09356317] , [ 0.03820853  0.96179147] , [ 0.02433293  0.97566707] , [ 0.04366793  0.95633207] , [ 0.39161328  0.60838672] , [ 0.00676369  0.99323631] , [ 0.7073984  0.2926016] , [ 0.41607995  0.58392005] , [ 0.73620505  0.26379495] , [ 0.86737958  0.13262042] , [ 0.02212721  0.97787279] , [ 0.00526142  0.99473858] , [ 0.84591606  0.15408394] , [ 0.22418329  0.77581671] , [ 0.01783583  0.98216417] , [ 0.01996419  0.98003581] , [ 0.00328494  0.99671506] , [ 0.75334372  0.24665628] , [ 0.42705563  0.57294437] , [ 0.08221633  0.91778367] , [ 0.01938752  0.98061248] , [ 0.96408703  0.03591297] , [ 0.45416019  0.54583981] , [ 0.66015907  0.33984093] , [ 0.93666503  0.06333497] , [ 0.93447808  0.06552192] , [ 0.48704423  0.51295577] , [ 0.09517152  0.90482848] , [ 0.40763769  0.59236231] , [ 0.19912273  0.80087727] , [ 0.34052651  0.65947349] , [ 0.00349231  0.99650769] , [ 0.96427181  0.03572819] , [ 0.0731835  0.9268165] , [ 0.28281971  0.71718029] , [ 0.35387763  0.64612237] , [ 0.27079409  0.72920591] , [ 0.89350309  0.10649691] , [ 0.01099988  0.98900012] , [ 0.16378275  0.83621725] , [ 0.56157462  0.43842538] , [ 0.05110563  0.94889437] , [ 0.31699922  0.68300078] , [ 0.0297418  0.9702582] , [ 0.15640295  0.84359705] , [ 0.9106362  0.0893638] , [ 0.13326549  0.86673451] , [ 0.88252323  0.11747677] , [ 0.90651708  0.09348292] , [ 0.01903157  0.98096843] , [ 0.95508498  0.04491502] , [ 0.95756889  0.04243111] , [ 0.21249711  0.78750289] , [ 0.4118893  0.5881107] , [ 0.9310799  0.0689201] , [ 0.08521104  0.91478896] , [ 0.79440849  0.20559151] , [ 0.59032339  0.40967661] , [ 0.91897895  0.08102105] , [ 0.96979018  0.03020982] , [ 0.10166238  0.89833762] , [ 0.04781095  0.95218905] , [ 0.4215068  0.5784932] , [ 0.86636993  0.13363007] , [ 0.02256513  0.97743487] , [ 0.06784404  0.93215596] , [ 0.98164974  0.01835026] , [ 0.00471148  0.99528852] , [ 0.88166101  0.11833899] , [ 0.21080361  0.78919639] , [ 0.97143781  0.02856219] , [ 0.33014499  0.66985501] ]
log_loss: 0.534949467072 

------------ 		SVC         ------------
Predict Proba:
 [ 0.54278714  0.45721286] , [ 0.54278463  0.45721537] , [ 0.54276998  0.45723002] , [ 0.54278714  0.45721286] , [ 0.54278714  0.45721286] , [ 0.54197917  0.45802083] , [ 0.5427439  0.4572561] , [ 0.54278714  0.45721286] , [ 0.54278714  0.45721286] , [ 0.54278714  0.45721286] , [ 0.54278714  0.45721286] , [ 0.54299107  0.45700893] , [ 0.54278397  0.45721603] , [ 0.54278714  0.45721286] , [ 0.54278714  0.45721286] , [ 0.54279717  0.45720283] , [ 0.54278714  0.45721286] , [ 0.54278729  0.45721271] , [ 0.54279185  0.45720815] , [ 0.54278714  0.45721286] , [ 0.54278714  0.45721286] , [ 0.54278713  0.45721287] , [ 0.54278714  0.45721286] , [ 0.54277442  0.45722558] , [ 0.54278714  0.45721286] , [ 0.54278714  0.45721286] , [ 0.54278714  0.45721286] , [ 0.54253322  0.45746678] , [ 0.54278714  0.45721286] , [ 0.54279514  0.45720486] , [ 0.54278714  0.45721286] , [ 0.54278714  0.45721286] , [ 0.54278714  0.45721286] , [ 0.54278714  0.45721286] , [ 0.54278714  0.45721286] , [ 0.57515256  0.42484744] , [ 0.54278714  0.45721286] , [ 0.54278714  0.45721286] , [ 0.54278714  0.45721286] , [ 0.54278714  0.45721286] , [ 0.53905704  0.46094296] , [ 0.54278714  0.45721286] , [ 0.54272991  0.45727009] , [ 0.54279129  0.45720871] , [ 0.54278714  0.45721286] , [ 0.54559584  0.45440416] , [ 0.54278714  0.45721286] , [ 0.54278714  0.45721286] , [ 0.5427869  0.4572131] , [ 0.54278714  0.45721286] , [ 0.54278714  0.45721286] , [ 0.54278714  0.45721286] , [ 0.54278714  0.45721286] , [ 0.54278714  0.45721286] , [ 0.54278714  0.45721286] , [ 0.54278714  0.45721286] , [ 0.54278714  0.45721286] , [ 0.5427868  0.4572132] , [ 0.54278714  0.45721286] , [ 0.54278714  0.45721286] , [ 0.4227352  0.5772648] , [ 0.54278714  0.45721286] , [ 0.54214713  0.45785287] , [ 0.54278739  0.45721261] , [ 0.5429761  0.4570239] , [ 0.54278656  0.45721344] , [ 0.54278714  0.45721286] , [ 0.54245545  0.45754455] , [ 0.54224241  0.45775759] , [ 0.54278709  0.45721291] , [ 0.54278714  0.45721286] , [ 0.54278714  0.45721286] , [ 0.54278714  0.45721286] , [ 0.54278656  0.45721344] , [ 0.54278568  0.45721432] , [ 0.68754314  0.31245686] , [ 0.54278714  0.45721286] , [ 0.54278714  0.45721286] , [ 0.54278714  0.45721286] , [ 0.54278714  0.45721286] , [ 0.54278714  0.45721286] , [ 0.54077715  0.45922285] , [ 0.54278714  0.45721286] , [ 0.54278398  0.45721602] , [ 0.54278714  0.45721286] , [ 0.54278714  0.45721286] , [ 0.54291389  0.45708611] ]
log_loss: 0.705995469162 

------------ LogisticRegression ------------
Predict Proba:
 [ 0.8  0.2] , [ 0.5  0.5] , [ 0.9  0.1] , [ 0.5  0.5] , [ 0.9  0.1] , [ 0.8  0.2] , [ 0.3  0.7] , [ 0.3  0.7] , [ 0.8  0.2] , [ 0.5  0.5] , [ 0.6  0.4] , [ 0.6  0.4] , [ 1.  0.] , [ 0.8  0.2] , [ 0.1  0.9] , [ 0.9  0.1] , [ 0.4  0.6] , [ 0.  1.] , [ 0.2  0.8] , [ 0.7  0.3] , [ 0.2  0.8] , [ 0.8  0.2] , [ 0.6  0.4] , [ 0.4  0.6] , [ 0.7  0.3] , [ 0.4  0.6] , [ 0.  1.] , [ 1.  0.] , [ 0.3  0.7] , [ 0.  1.] , [ 0.  1.] , [ 0.  1.] , [ 0.7  0.3] , [ 0.8  0.2] , [ 0.3  0.7] , [ 0.2  0.8] , [ 0.9  0.1] , [ 0.6  0.4] , [ 0.6  0.4] , [ 0.9  0.1] , [ 0.9  0.1] , [ 0.3  0.7] , [ 0.5  0.5] , [ 0.5  0.5] , [ 0.  1.] , [ 0.2  0.8] , [ 0.  1.] , [ 0.9  0.1] , [ 0.7  0.3] , [ 0.8  0.2] , [ 0.6  0.4] , [ 0.1  0.9] , [ 0.9  0.1] , [ 0.2  0.8] , [ 0.6  0.4] , [ 0.6  0.4] , [ 0.4  0.6] , [ 0.3  0.7] , [ 0.1  0.9] , [ 0.7  0.3] , [ 1.  0.] , [ 0.3  0.7] , [ 1.  0.] , [ 0.8  0.2] , [ 0.1  0.9] , [ 0.7  0.3] , [ 0.8  0.2] , [ 0.7  0.3] , [ 0.4  0.6] , [ 0.4  0.6] , [ 0.4  0.6] , [ 0.9  0.1] , [ 0.4  0.6] , [ 0.5  0.5] , [ 0.8  0.2] , [ 0.2  0.8] , [ 0.3  0.7] , [ 0.5  0.5] , [ 0.5  0.5] , [ 0.  1.] , [ 0.3  0.7] , [ 0.9  0.1] , [ 0.  1.] , [ 0.4  0.6] , [ 0.4  0.6] , [ 0.7  0.3] , [ 0.2  0.8] ]
log_loss: 1.25541881609 

