------------ LogisticRegression ------------
Predict Proba:
 [ 0.40897714  0.59102286] , [ 0.99508627  0.00491373] , [ 0.02256376  0.97743624] , [ 0.98438121  0.01561879] , [ 0.08705531  0.91294469] , [ 0.75774012  0.24225988] , [ 0.99575895  0.00424105] , [ 0.586123  0.413877] , [ 0.01228094  0.98771906] , [ 0.61170241  0.38829759] , [ 0.99681381  0.00318619] , [ 0.9048339  0.0951661] , [ 0.95479768  0.04520232] , [ 0.11141517  0.88858483] , [ 0.99062706  0.00937294] , [ 0.01824176  0.98175824] , [  8.28940069e-04   9.99171060e-01] , [ 0.94648684  0.05351316] , [ 0.00347666  0.99652334] , [ 0.00274658  0.99725342] , [ 0.92974565  0.07025435] , [ 0.79271304  0.20728696] ]
log_loss: 1.87761786359 

------------ 		SVC         ------------
Predict Proba:
 [ 0.59367791  0.40632209] , [ 0.59360509  0.40639491] , [ 0.59367791  0.40632209] , [ 0.59367791  0.40632209] , [ 0.59367791  0.40632209] , [ 0.59367791  0.40632209] , [ 0.59367791  0.40632209] , [ 0.59367791  0.40632209] , [ 0.59367791  0.40632209] , [ 0.59367791  0.40632209] , [ 0.59367791  0.40632209] , [ 0.59367785  0.40632215] , [ 0.59376914  0.40623086] , [ 0.59367791  0.40632209] , [ 0.59367791  0.40632209] , [ 0.59367791  0.40632209] , [ 0.59367791  0.40632209] , [ 0.59367791  0.40632209] , [ 0.59367791  0.40632209] , [ 0.59367791  0.40632209] , [ 0.59367791  0.40632209] , [ 0.59367791  0.40632209] ]
log_loss: 0.711015793826 

------------ LogisticRegression ------------
Predict Proba:
 [ 0.2  0.8] , [ 0.7  0.3] , [ 0.3  0.7] , [ 0.7  0.3] , [ 0.4  0.6] , [ 0.3  0.7] , [ 0.8  0.2] , [ 0.7  0.3] , [ 0.  1.] , [ 0.4  0.6] , [ 0.9  0.1] , [ 0.8  0.2] , [ 0.3  0.7] , [ 0.7  0.3] , [ 0.7  0.3] , [ 0.3  0.7] , [ 0.2  0.8] , [ 0.6  0.4] , [ 0.2  0.8] , [ 0.3  0.7] , [ 0.4  0.6] , [ 0.8  0.2] ]
log_loss: 0.717380725593 

