------------ LogisticRegression ------------
Predict Proba:
 [ 0.95813868  0.04186132] , [ 0.03919143  0.96080857] , [ 0.83899599  0.16100401] , [ 0.53151438  0.46848562] , [ 0.50907956  0.49092044] , [ 0.38088868  0.61911132] , [ 0.98089851  0.01910149] , [ 0.72544013  0.27455987] , [ 0.56006217  0.43993783] , [ 0.86133766  0.13866234] , [ 0.47957824  0.52042176] , [ 0.00173037  0.99826963] , [ 0.05128383  0.94871617] , [ 0.88691555  0.11308445] , [ 0.27865823  0.72134177] , [ 0.86614863  0.13385137] , [ 0.71199261  0.28800739] , [ 0.7196438  0.2803562] , [ 0.89039165  0.10960835] , [ 0.84344949  0.15655051] , [ 0.52026611  0.47973389] , [ 0.99361711  0.00638289] ]
log_loss: 0.5187208792 

------------ 		SVC         ------------
Predict Proba:
 [ 0.52291294  0.47708706] , [ 0.52291294  0.47708706] , [ 0.52221793  0.47778207] , [ 0.52291294  0.47708706] , [ 0.52291294  0.47708706] , [ 0.52291294  0.47708706] , [ 0.52291294  0.47708706] , [ 0.52291294  0.47708706] , [ 0.52291294  0.47708706] , [ 0.52291293  0.47708707] , [ 0.52291294  0.47708706] , [ 0.52291294  0.47708706] , [ 0.52291294  0.47708706] , [ 0.52291294  0.47708706] , [ 0.52291294  0.47708706] , [ 0.52291294  0.47708706] , [ 0.52291294  0.47708706] , [ 0.52291294  0.47708706] , [ 0.52291294  0.47708706] , [ 0.52291294  0.47708706] , [ 0.52291294  0.47708706] , [ 0.52291294  0.47708706] ]
log_loss: 0.685920925093 

------------ LogisticRegression ------------
Predict Proba:
 [ 0.6  0.4] , [ 0.2  0.8] , [ 0.9  0.1] , [ 0.2  0.8] , [ 0.9  0.1] , [ 0.5  0.5] , [ 0.7  0.3] , [ 0.8  0.2] , [ 0.6  0.4] , [ 0.5  0.5] , [ 0.4  0.6] , [ 0.1  0.9] , [ 0.1  0.9] , [ 0.5  0.5] , [ 0.7  0.3] , [ 0.9  0.1] , [ 0.8  0.2] , [ 0.7  0.3] , [ 0.5  0.5] , [ 0.9  0.1] , [ 0.9  0.1] , [ 0.8  0.2] ]
log_loss: 0.529961299562 

