------------ LogisticRegression ------------
Predict Proba:
 [  2.76922221e-02   1.24781786e-01   8.47524591e-01   8.14900000e-07
   5.85216802e-07] , [  2.55158904e-03   1.06135130e-03   9.94154096e-01   2.15097787e-03
   8.19859174e-05] , [  8.65763580e-84   2.23740296e-02   9.75047621e-01   2.52897553e-03
   4.93736299e-05] , [  1.62900575e-14   3.50266045e-02   9.64969029e-01   3.00498967e-06
   1.36151047e-06] , [  3.37162323e-84   5.14265361e-02   9.47173910e-01   9.63568287e-04
   4.35985973e-04] , [  9.07863802e-84   2.20984718e-02   9.76115532e-01   1.75031615e-03
   3.56800997e-05] , [  1.26000739e-84   8.48790048e-01   1.48154040e-01   2.95003125e-03
   1.05880038e-04] , [  7.50962317e-17   3.18697518e-02   9.67267909e-01   7.21847274e-04
   1.40492191e-04] , [  7.70248905e-85   1.81248785e-02   9.80524323e-01   1.30707231e-03
   4.37260258e-05] , [  1.13207830e-04   1.17874854e-03   9.95751628e-01   2.32673683e-03
   6.29678533e-04] , [  2.18593336e-05   3.05410773e-06   9.89031700e-01   4.19960181e-05
   1.09013909e-02] , [  6.08048240e-16   2.74083369e-02   9.72584864e-01   1.67319603e-06
   5.12626493e-06] , [  5.35617267e-05   2.53454468e-02   9.70866852e-01   3.13813349e-03
   5.96005932e-04] , [  4.88291004e-16   9.04427086e-01   7.36892443e-02   2.16996053e-02
   1.84064391e-04] , [  5.75853780e-03   5.74137030e-05   9.83608734e-01   1.05656328e-02
   9.68194652e-06] , [  2.99579541e-16   1.79212507e-02   9.78851235e-01   3.15391469e-03
   7.35998382e-05] , [  5.83900186e-18   3.58712478e-03   9.93008511e-01   1.25976800e-03
   2.14459617e-03] , [  3.45741069e-03   8.61756996e-01   1.11592753e-01   2.31145090e-02
   7.83312661e-05] , [  4.84227027e-16   8.83122571e-01   9.50129293e-02   2.17451304e-02
   1.19368872e-04] , [  4.32356068e-04   1.95057079e-01   7.91950092e-01   1.25514445e-02
   9.02886522e-06] , [  2.50864956e-05   4.24917298e-05   9.87907133e-01   1.78705533e-05
   1.20074183e-02] , [  3.13576710e-85   2.67023335e-03   9.86636172e-01   1.03439200e-02
   3.49674202e-04] , [  5.21417329e-84   2.52086081e-02   9.73105598e-01   1.63230184e-03
   5.34917371e-05] , [  5.87648480e-14   4.83406412e-02   9.47529100e-01   3.68516328e-03
   4.45095103e-04] , [  2.18095325e-81   9.72700931e-01   2.72981487e-02   4.42130678e-08
   8.75769925e-07] , [  1.55024608e-05   1.31582702e-03   9.85412350e-01   1.24510354e-02
   8.05284879e-04] , [  1.20009353e-83   1.28343896e-02   9.99543660e-03   9.76820344e-01
   3.49829956e-04] , [  1.86176448e-84   2.21545908e-02   9.55556095e-01   2.20876501e-02
   2.01664176e-04] , [  1.21361692e-18   8.44992651e-09   1.06843469e-01   5.61661470e-07
   8.93155960e-01] , [  2.33610167e-05   2.79814895e-06   9.88857126e-01   3.90893805e-05
   1.10776257e-02] , [  3.86421666e-72   1.61153274e-03   9.62052239e-01   3.59830589e-02
   3.53169776e-04] , [  2.55045599e-18   8.02348832e-05   9.64257229e-01   1.38339320e-05
   3.56487026e-02] , [  2.32314674e-13   9.55545497e-01   4.44538695e-02   6.79301582e-08
   5.65144633e-07] , [  5.06666357e-04   1.46399630e-03   9.94752146e-01   2.48048439e-03
   7.96706577e-04] , [  7.24632116e-17   2.05844461e-03   9.95382049e-01   1.88826132e-03
   6.71244710e-04] , [  8.64175294e-06   3.46843576e-02   9.64265775e-01   9.59771994e-04
   8.14540430e-05] , [  4.65683855e-09   1.97498944e-14   9.76960541e-01   4.81699153e-14
   2.30394546e-02] , [  4.78140595e-84   2.54300735e-02   9.72885505e-01   1.62532975e-03
   5.90913002e-05] , [  4.23386737e-03   5.41926442e-01   4.40577168e-01   1.32194297e-02
   4.30929475e-05] , [  3.33287821e-85   1.21157569e-01   8.63775269e-01   1.49255784e-02
   1.41584260e-04] , [  4.46091894e-84   3.45282101e-02   9.63852522e-01   8.78890879e-04
   7.40377105e-04] , [  2.91375261e-84   3.42777976e-03   9.94599558e-01   1.82072950e-03
   1.51933098e-04] , [  7.18123536e-14   4.29751493e-02   9.42703075e-01   1.42844583e-02
   3.73176461e-05] , [  3.47916953e-84   4.96698352e-02   9.43102750e-01   7.20926091e-03
   1.81542456e-05] , [  2.19724984e-05   1.98802313e-02   9.78007872e-01   9.97974674e-04
   1.09194950e-03] , [  1.13535438e-84   8.51183261e-01   1.36259402e-01   1.24846591e-02
   7.26783241e-05] , [  1.29495152e-16   8.62806498e-01   1.19472695e-01   1.76184894e-02
   1.02318005e-04] , [  9.54795719e-04   9.41222272e-03   9.86929732e-01   2.69108526e-03
   1.21642793e-05] , [  1.12330224e-89   4.49721793e-14   9.77410046e-01   3.20197635e-14
   2.25899537e-02] , [  1.38053757e-50   7.72922484e-01   2.27077486e-01   2.94673051e-10
   2.98583561e-08] , [  3.30941988e-85   4.25691773e-02   9.55468027e-01   1.82843733e-03
   1.34358703e-04] , [  1.59255642e-09   1.21532951e-06   9.48385881e-01   6.84973729e-06
   5.16060520e-02] , [  1.52715011e-03   1.68014690e-02   9.78223517e-01   3.39457314e-03
   5.32904330e-05] , [  1.03766796e-16   5.89087726e-04   9.74808873e-01   2.39460955e-02
   6.55943306e-04] , [  1.24348983e-84   8.56725327e-01   1.34633082e-01   8.56925247e-03
   7.23378843e-05] , [  5.46615137e-05   1.22295883e-02   9.68539559e-01   1.91269870e-02
   4.92043386e-05] , [  6.21369707e-06   3.06921392e-07   9.12491355e-01   2.94956865e-06
   8.74991751e-02] , [  1.06810823e-04   9.33989851e-03   9.89709617e-01   7.41389319e-04
   1.02284496e-04] , [  1.59056955e-84   3.21913590e-03   9.83587857e-01   1.27787531e-02
   4.14253830e-04] , [  2.00145545e-02   4.86059494e-03   2.00286649e-02   9.54930778e-01
   1.65407719e-04] , [  1.21049313e-01   3.86442749e-01   4.92507922e-01   3.06712356e-10
   1.51331608e-08] , [  1.25219716e-16   2.67656363e-02   1.38421673e-02   9.58763307e-01
   6.28889427e-04] , [  2.08519356e-13   8.63017082e-01   1.29141986e-01   7.72512410e-03
   1.15807831e-04] , [  2.66658914e-13   4.58275324e-02   9.49932266e-01   4.09140625e-03
   1.48795472e-04] , [  4.64986018e-84   2.20664890e-03   9.96227602e-01   1.24597110e-03
   3.19777974e-04] , [  3.65705357e-08   1.20982003e-11   9.95044852e-01   2.44081019e-11
   4.95511174e-03] , [  2.73315122e-16   3.26935790e-02   9.53877484e-01   1.32841571e-02
   1.44779666e-04] , [  1.51248616e-02   1.14058726e-02   7.25659174e-02   9.00847257e-01
   5.60911427e-05] , [  6.26495482e-07   7.03069895e-10   9.98992389e-01   1.49446805e-09
   1.00698238e-03] , [  9.33676986e-04   8.54759247e-04   9.80119248e-01   1.80061588e-02
   8.61567441e-05] , [  1.12606443e-08   2.02942354e-13   9.97012344e-01   3.82200843e-13
   2.98764432e-03] , [  1.65531076e-15   3.14002275e-02   9.67413935e-01   1.10621459e-03
   7.96228874e-05] , [  2.06279967e-84   3.65719956e-02   9.62809089e-01   4.52980471e-04
   1.65934446e-04] , [  3.33576200e-84   3.81284463e-02   9.52112676e-01   9.65150206e-03
   1.07375835e-04] , [  5.11276683e-17   2.13498827e-03   9.95005415e-01   1.85681930e-03
   1.00277711e-03] , [  3.29292007e-13   9.44307228e-01   5.56923252e-02   6.90323157e-08
   3.77502834e-07] , [  1.06526063e-03   2.84073832e-08   9.86719163e-01   5.73487352e-05
   1.21581997e-02] , [  4.06787587e-08   2.50983303e-13   9.98125042e-01   4.02838535e-13
   1.87491711e-03] , [  2.04008545e-06   1.37911044e-09   3.76954374e-01   4.46000752e-07
   6.23043138e-01] , [  1.63633302e-13   8.89140530e-01   1.05391248e-01   5.29292711e-03
   1.75294004e-04] , [  1.18319189e-03   1.15599033e-03   9.95029057e-01   2.55805075e-03
   7.37095896e-05] , [  5.36141018e-13   1.62774723e-02   7.04349065e-03   9.75869903e-01
   8.09134457e-04] , [  3.98570215e-08   1.13967967e-11   9.96678698e-01   2.35590057e-11
   3.32126204e-03] , [  2.17958242e-73   2.49100772e-02   9.74393568e-01   4.05332885e-04
   2.91021448e-04] , [  8.49141719e-03   7.30294589e-01   2.51899150e-01   9.26297087e-03
   5.18729791e-05] , [  1.75075898e-17   1.18287821e-04   9.85656702e-01   1.89304340e-05
   1.42060797e-02] , [  1.17886000e-04   1.08385097e-02   9.88132781e-01   7.49235176e-04
   1.61587782e-04] , [  1.13612417e-14   9.00133635e-01   8.28891742e-02   1.67247886e-02
   2.52401779e-04] , [  2.97991354e-17   1.56139596e-02   9.59803675e-01   2.43549483e-02
   2.27416973e-04] , [  6.44504932e-17   1.47437184e-02   9.83444334e-01   1.76697505e-03
   4.49723632e-05] , [  6.84025714e-21   4.73124017e-02   9.50445058e-01   8.15050229e-04
   1.42749000e-03] , [  1.91964567e-03   8.48983061e-02   6.93953461e-02   8.43604753e-01
   1.81948802e-04] , [  4.17510782e-86   7.52430719e-02   9.20736316e-01   6.53227084e-04
   3.36738494e-03] , [  4.18904267e-84   2.05563914e-02   9.77816692e-01   1.59114177e-03
   3.57751770e-05] , [  2.73759134e-81   9.51732645e-01   4.82669038e-02   4.74264745e-08
   4.03786023e-07] , [  8.23129209e-84   8.55104505e-01   1.39416887e-01   5.39466890e-03
   8.39389566e-05] , [  1.11210310e-05   2.66307822e-05   9.97283400e-01   1.49310180e-05
   2.66391727e-03] , [  2.25473535e-16   3.83963353e-02   9.59856575e-01   1.72505372e-03
   2.20358898e-05] , [  2.46700824e-03   1.21430893e-02   4.54252283e-02   9.39783589e-01
   1.81085514e-04] , [  1.28191080e-14   8.75270296e-01   1.18596003e-01   5.89407688e-03
   2.39624640e-04] , [  2.14535533e-03   4.54987970e-03   2.20343841e-02   9.70970301e-01
   3.00079941e-04] , [  9.22526924e-04   7.96710074e-04   9.81337733e-01   1.68454961e-02
   9.75339699e-05] , [  5.92150618e-16   4.48365958e-02   9.51147556e-01   3.85927603e-03
   1.56572106e-04] , [  4.99589253e-84   1.40185301e-02   5.55858890e-03   9.79468205e-01
   9.54676223e-04] , [  6.75156876e-06   3.55906029e-08   5.74685425e-01   2.93142626e-07
   4.25307494e-01] , [  2.39210388e-06   8.23822588e-07   8.47762620e-01   9.13272873e-06
   1.52225032e-01] , [  3.05254143e-04   9.18334101e-03   9.89405239e-01   1.06939611e-03
   3.67693457e-05] , [  1.34518658e-16   8.62802073e-01   1.19475677e-01   1.76199340e-02
   1.02315540e-04] , [  1.09026826e-07   5.13588651e-10   9.94512529e-01   1.35474935e-09
   5.48736043e-03] , [  3.72557944e-84   2.49673275e-02   9.73392782e-01   1.57902069e-03
   6.08695415e-05] , [  1.14411359e-03   1.50686493e-02   9.69071986e-01   1.47053333e-02
   9.91747518e-06] , [  5.09832123e-04   1.24741074e-02   9.85763950e-01   1.16870843e-03
   8.34025690e-05] , [  7.62782448e-06   3.34898828e-05   9.93817457e-01   1.46700422e-05
   6.12675478e-03] , [  4.84674487e-84   1.77412405e-02   9.79861462e-01   2.36285465e-03
   3.44424018e-05] , [  1.32328253e-06   7.17379929e-07   5.68893363e-01   9.13922338e-06
   4.31095457e-01] , [  2.58375964e-13   3.89801331e-02   9.59444895e-01   1.41733794e-03
   1.57634439e-04] , [  1.03079622e-15   8.47492842e-01   1.37501384e-01   1.49543903e-02
   5.13832830e-05] , [  2.18235450e-03   2.25438397e-04   9.68385958e-01   2.90230368e-02
   1.83212298e-04] , [  1.84423074e-03   7.20251973e-01   2.69938738e-01   7.90147751e-03
   6.35807849e-05] , [  1.21534544e-03   2.80702734e-08   9.88226537e-01   5.78097265e-05
   1.05002796e-02] , [  1.36632155e-05   6.99671600e-07   9.56831733e-01   1.02926574e-05
   4.31436114e-02] , [  8.84073382e-17   8.69676703e-01   1.24527567e-01   5.69160362e-03
   1.04127130e-04] , [  1.98609939e-73   8.25990776e-01   1.70756147e-01   3.11668481e-03
   1.36392042e-04] , [  1.36097222e-06   6.45361909e-09   4.64662390e-01   3.00232014e-06
   5.35333240e-01] , [  1.28482332e-02   1.17213803e-02   6.56486589e-02   9.09712494e-01
   6.92332704e-05] , [  6.19609177e-04   7.86748493e-04   9.96461993e-01   1.91950084e-03
   2.12148933e-04] , [  6.53889987e-05   7.96909018e-07   9.63302010e-01   1.24822985e-05
   3.66193217e-02] , [  3.32958110e-83   3.80999784e-02   9.61893957e-01   1.48198093e-06
   4.58297933e-06] , [  2.11803148e-16   9.37483581e-03   9.74440957e-01   1.60788848e-02
   1.05322906e-04] , [  5.20808071e-84   4.47063763e-02   9.55281122e-01   1.67103292e-06
   1.08304843e-05] , [  9.93260032e-08   6.51546775e-08   1.08584503e-01   2.78107533e-07
   8.91415054e-01] , [  1.86946082e-13   3.12009349e-02   9.58933374e-01   9.80459652e-03
   6.10946668e-05] , [  5.23136110e-13   1.41252663e-03   9.47441916e-01   5.08562478e-02
   2.89309162e-04] , [  7.86834323e-86   1.62711033e-07   9.14468055e-01   4.80893447e-05
   8.54836934e-02] , [  3.13074342e-04   6.08989466e-03   9.92712103e-01   8.30188978e-04
   5.47392693e-05] , [  1.68226472e-03   1.09228333e-02   9.86030101e-01   1.32553123e-03
   3.92696934e-05] , [  1.69876307e-04   8.21329328e-04   9.96911636e-01   2.03692498e-03
   6.02335167e-05] , [  1.63101440e-03   1.31891836e-02   9.83797219e-01   1.32198976e-03
   6.05929837e-05] , [  7.62782448e-06   3.34898828e-05   9.93817457e-01   1.46700422e-05
   6.12675478e-03] , [  2.54853695e-85   4.37069866e-02   9.54305709e-01   1.80574211e-03
   1.81562049e-04] , [  1.50291900e-14   1.75086409e-02   9.81773368e-01   5.45203080e-04
   1.72788304e-04] , [  1.11414841e-83   4.01784603e-02   9.59815597e-01   1.68897933e-06
   4.25392815e-06] , [  6.33991318e-03   1.67477981e-02   9.59230097e-01   1.76748608e-02
   7.33077349e-06] , [  1.64491239e-07   7.07174796e-10   9.97790984e-01   1.32934919e-09
   2.20884967e-03] , [  3.00637227e-03   1.49092645e-02   7.37152945e-03   9.73842466e-01
   8.70367918e-04] , [  7.34230481e-22   4.38018738e-14   9.83074303e-01   4.12045592e-14
   1.69256973e-02] , [  1.10450350e-07   1.19124155e-11   9.98835727e-01   2.41542835e-11
   1.16416291e-03] , [  1.36359802e-07   7.85392725e-08   1.02573192e-01   2.81323352e-07
   8.97426312e-01] , [  5.57688208e-75   1.41162517e-05   9.45863167e-01   5.27208617e-06
   5.41174443e-02] , [  7.18625587e-85   2.25010102e-03   9.96656108e-01   6.86570617e-04
   4.07220067e-04] , [  1.41516619e-03   1.58486475e-02   9.78884504e-01   3.78193828e-03
   6.97441684e-05] , [  3.66272984e-84   2.09939066e-02   9.76662380e-01   2.28903320e-03
   5.46800806e-05] , [  1.99922737e-07   5.21259265e-08   7.22815407e-02   2.57199769e-07
   9.27717950e-01] , [  3.37104792e-16   2.80805540e-03   9.94508805e-01   2.54655769e-03
   1.36581778e-04] , [  7.74704839e-05   1.17952957e-02   9.68650036e-01   1.94442712e-02
   3.29267013e-05] , [  1.85374640e-03   1.80275491e-02   9.76178953e-01   3.84957246e-03
   9.01792915e-05] , [  2.10182859e-16   3.10035394e-02   9.67847885e-01   9.18941392e-04
   2.29634123e-04] , [  1.91585246e-03   9.27182163e-01   5.80766100e-02   1.25374173e-02
   2.87957473e-04] , [  1.63252635e-16   7.71047308e-01   2.18335332e-01   1.04617455e-02
   1.55614437e-04] , [  8.36603889e-15   2.86628078e-02   9.71333415e-01   2.13072278e-06
   1.64636794e-06] , [  7.48410787e-17   8.85369375e-01   1.02386671e-01   1.20919256e-02
   1.52028122e-04] , [  5.32274258e-03   1.42521110e-02   9.78893270e-01   1.44692618e-03
   8.49500142e-05] , [  9.66727154e-06   7.65516699e-07   9.55588888e-01   3.66544230e-06
   4.43970142e-02] , [  5.74153937e-16   1.14292331e-02   6.15037502e-03   9.81567814e-01
   8.52577739e-04] , [  2.50864956e-05   4.24917298e-05   9.87907133e-01   1.78705533e-05
   1.20074183e-02] , [  1.03098646e-04   1.49069434e-03   9.96404178e-01   1.90054953e-03
   1.01479431e-04] , [  8.79179485e-04   1.54642058e-02   9.69137048e-01   1.45061674e-02
   1.33993000e-05] , [  1.54111611e-13   3.63658423e-02   9.62610812e-01   9.12105756e-04
   1.11240113e-04] , [  6.96285963e-17   2.65095199e-02   9.72058840e-01   9.78987136e-04
   4.52652877e-04] , [  1.32047920e-04   1.44042684e-03   9.95240786e-01   2.28226109e-03
   9.04477791e-04] , [  5.78282466e-16   1.37870079e-02   4.66418482e-03   9.80236237e-01
   1.31257010e-03] , [  7.74682877e-05   2.01341935e-02   9.75957596e-01   3.30698328e-03
   5.23758685e-04] , [  3.32418392e-05   7.89468496e-09   7.02557386e-01   4.75984823e-06
   2.97404605e-01] , [  1.97881053e-04   1.52707074e-02   9.82649017e-01   1.11528467e-03
   7.67109621e-04] , [  1.31568845e-05   7.77161655e-08   5.73405266e-01   4.73025657e-07
   4.26581027e-01] , [  6.40774520e-85   8.99299809e-01   9.19460918e-02   8.58658163e-03
   1.67517592e-04] , [  3.75953849e-07   9.08985518e-06   9.00732547e-01   3.88991106e-05
   9.92190883e-02] , [  6.72856619e-84   3.73793290e-02   9.53856245e-01   8.08640924e-03
   6.78016492e-04] , [  1.05329423e-03   1.37884014e-02   9.83764780e-01   1.29336971e-03
   1.00154931e-04] , [  1.81718866e-10   9.53272454e-05   9.91680463e-01   1.11725505e-05
   8.21303694e-03] , [  4.03611171e-84   9.18132988e-01   6.61696436e-02   1.54939625e-02
   2.03405872e-04] , [  3.22569592e-04   5.03642756e-03   9.93773310e-01   8.32189068e-04
   3.55035240e-05] , [  1.76994604e-17   1.17060770e-04   9.87030270e-01   1.89840906e-05
   1.28336847e-02] , [  6.09079841e-05   3.13630059e-05   9.89847164e-01   1.73632726e-05
   1.00432022e-02] , [  2.76401815e-02   2.16884533e-02   9.19996345e-01   3.06536896e-02
   2.13307380e-05] , [  2.48296684e-02   1.10738362e-02   9.64096377e-01   7.59178954e-09
   1.11176503e-07] , [  9.79458494e-84   8.09756598e-01   1.81012845e-01   9.09804495e-03
   1.32512383e-04] , [  3.00586355e-02   1.42403349e-02   9.55697200e-01   2.93687732e-06
   8.92926149e-07] , [  7.35718666e-84   4.72338669e-02   9.51596595e-01   9.94438844e-04
   1.75099580e-04] , [  7.95210360e-17   2.88995273e-02   9.69579943e-01   6.75558412e-04
   8.44971290e-04] , [  4.49455744e-05   5.09914575e-06   9.94011008e-01   5.45552614e-05
   5.88439230e-03] , [  1.40576510e-17   5.61715728e-02   9.41843465e-01   1.79132456e-03
   1.93637774e-04] , [  7.40665822e-04   1.73300176e-03   9.95053592e-01   2.39229020e-03
   8.04505140e-05] , [  4.24690429e-16   1.72918655e-02   9.79450906e-01   3.20796579e-03
   4.92629748e-05] , [  1.53308702e-09   1.21538918e-06   9.48384587e-01   6.84918158e-06
   5.16073472e-02] , [  1.41232935e-72   2.44689361e-02   9.74565649e-01   7.36631639e-04
   2.28783457e-04] , [  9.59032370e-16   8.38396884e-01   1.53939993e-01   7.58713343e-03
   7.59895858e-05] , [  7.59629324e-85   8.83293503e-01   1.12542270e-01   4.04908039e-03
   1.15146482e-04] , [  1.41985023e-04   1.32795952e-03   9.95467439e-01   2.13764377e-03
   9.24972247e-04] , [  9.19326609e-16   8.68181561e-01   1.09925993e-01   2.18123387e-02
   8.01073319e-05] , [  8.19854586e-15   3.80415285e-02   9.61952452e-01   2.93985168e-06
   3.07968017e-06] , [  2.15435844e-73   8.90563790e-01   1.06201742e-01   2.97689504e-03
   2.57573414e-04] , [  1.88286498e-71   3.68242068e-02   9.55708243e-01   7.40110763e-03
   6.64430255e-05] , [  9.36380402e-04   1.71596887e-02   9.79928502e-01   1.33687195e-03
   6.38557122e-04] , [  3.45359113e-08   2.74017715e-13   9.97976488e-01   4.27100589e-13
   2.02347721e-03] , [  1.06759833e-16   1.21947225e-02   5.01977209e-03   9.81175190e-01
   1.61031583e-03] , [  3.87919201e-03   2.08541192e-02   9.49140575e-01   2.60836678e-02
   4.24463929e-05] , [  2.81856654e-09   1.43015994e-02   9.83815045e-01   1.84310694e-03
   4.02457382e-05] , [  1.37447487e-87   2.90236051e-07   5.35715507e-02   2.34710369e-07
   9.46427924e-01] , [  2.34758297e-04   9.42393622e-03   9.89237060e-01   1.05462635e-03
   4.96192203e-05] , [  1.34697278e-02   1.41717043e-02   9.72353132e-01   2.81362040e-06
   2.62180837e-06] , [  2.04421867e-17   9.21028720e-01   6.63326869e-02   1.04949375e-02
   2.14365572e-03] , [  9.93228895e-85   8.65633277e-02   9.11187282e-01   2.17654274e-03
   7.28479802e-05] , [  1.04717760e-04   9.97378265e-03   9.87876800e-01   2.03484792e-03
   9.85126657e-06] , [  1.28572971e-06   3.27656905e-07   6.76871000e-01   2.50831774e-06
   3.23124879e-01] , [  4.64567439e-04   1.47694918e-03   9.94709022e-01   2.46954779e-03
   8.79913465e-04] , [  9.59644702e-17   3.09169009e-02   9.68251780e-01   7.26718078e-04
   1.04600755e-04] , [  1.85332149e-84   5.95661731e-02   9.38737628e-01   1.65161986e-03
   4.45792837e-05] , [  4.98305955e-08   1.31180162e-11   9.98067970e-01   2.07500683e-11
   1.93198051e-03] , [  3.36706899e-18   1.00396858e-04   9.88667949e-01   1.06464075e-05
   1.12210076e-02] , [  4.67191510e-81   9.71967905e-01   2.80318817e-02   1.81784510e-08
   1.94849083e-07] , [  2.50702553e-17   1.10438351e-04   9.93681383e-01   1.32281780e-05
   6.19495059e-03] , [  1.57379258e-04   4.44636892e-04   9.63067664e-01   3.58272528e-02
   5.03066734e-04] , [  4.55107957e-17   2.92408012e-03   9.94790973e-01   2.01919448e-03
   2.65752419e-04] , [  3.17352384e-84   4.28221842e-02   9.56063165e-01   8.53073987e-04
   2.61576438e-04] , [  3.65264785e-04   4.26823615e-04   9.86631014e-01   1.24912593e-02
   8.56381829e-05] , [  4.04751222e-16   4.12794864e-02   9.48588314e-01   1.01157890e-02
   1.64101709e-05] , [  6.26006561e-04   1.19197800e-03   9.96146761e-01   1.87939555e-03
   1.55858465e-04] , [  2.30398173e-84   2.15458395e-02   9.56102667e-01   2.21955430e-02
   1.55950658e-04] , [  7.38630266e-17   3.17370339e-02   9.67404369e-01   7.17318467e-04
   1.41278618e-04] , [  7.02276302e-17   2.06537492e-02   9.78503289e-01   7.67358394e-04
   7.56033868e-05] , [  6.50463048e-17   1.72398862e-02   9.81807024e-01   7.92615858e-04
   1.60473669e-04] , [  3.48111644e-01   6.15976996e-01   3.59112471e-02   1.80906263e-08
   9.48102318e-08] , [  3.14266756e-14   1.41599266e-02   6.21245888e-03   9.77996484e-01
   1.63113041e-03] , [  1.03127883e-04   1.43869855e-02   9.83430609e-01   1.20382133e-03
   8.75456672e-04] , [  2.21853301e-84   1.13659719e-02   1.07679502e-02   9.77436225e-01
   4.29853112e-04] , [  8.34978109e-16   4.37232401e-02   2.41001533e-02   9.31636776e-01
   5.39830176e-04] , [  2.96183057e-04   1.10912360e-02   9.87489387e-01   1.06651896e-03
   5.66745285e-05] , [  1.41193733e-72   2.44684342e-02   9.74566167e-01   7.36607885e-04
   2.28790987e-04] , [  4.34395911e-02   1.00654035e-02   9.46494945e-01   7.57350750e-09
   5.32187546e-08] , [  4.27908075e-04   2.59343793e-02   9.69632187e-01   3.78108668e-03
   2.24438650e-04] , [  4.36500424e-18   9.75095745e-05   9.91578929e-01   1.07624442e-05
   8.31279863e-03] , [  1.71532399e-03   5.81687945e-04   9.95680067e-01   1.98575976e-03
   3.71613376e-05] , [  5.66580302e-07   7.74169331e-08   1.50719335e-01   3.17750227e-07
   8.49279703e-01] , [  4.45835977e-13   8.66265911e-01   1.25220162e-01   8.40847868e-03
   1.05448669e-04] , [  2.66906908e-03   8.04226580e-02   8.50272081e-02   8.31761774e-01
   1.19291078e-04] , [  1.03189308e-04   1.49056533e-03   9.96404229e-01   1.90063902e-03
   1.01377828e-04] , [  2.84852402e-05   1.69099141e-02   9.81445311e-01   6.57768896e-04
   9.58520372e-04] , [  1.53487652e-09   1.21532143e-06   9.48434775e-01   6.84979351e-06
   5.15571579e-02] , [  4.53111075e-04   2.15909387e-02   9.62319160e-01   1.54989480e-02
   1.37842386e-04] , [  4.93148338e-16   4.38703724e-02   9.55061308e-01   8.96338527e-04
   1.71980769e-04] , [  6.33005191e-86   3.79714325e-02   9.59903377e-01   4.94051460e-04
   1.63113870e-03] , [  1.12883362e-04   8.38763680e-01   1.51248751e-01   9.64449766e-03
   2.30188447e-04] , [  1.32307849e-08   4.05343731e-09   1.73598887e-01   4.17031957e-07
   8.26400678e-01] , [  5.34479560e-84   8.29864311e-04   9.77305493e-01   2.12686487e-02
   5.95994228e-04] , [  1.03033141e-06   5.37243750e-10   9.99547500e-01   1.52403324e-09
   4.51467509e-04] , [  9.17954205e-15   8.96208796e-01   9.75394904e-02   5.88763967e-03
   3.64073869e-04] , [  9.77393353e-05   1.32801445e-02   9.83835131e-01   2.76704086e-03
   1.99446741e-05] , [  3.76996379e-54   1.54973770e-04   9.78166211e-01   1.82440421e-05
   2.16605710e-02] , [  5.97685028e-85   2.46015462e-02   9.72707518e-01   2.55404557e-03
   1.36889912e-04] , [  2.15422139e-04   7.77524213e-01   2.12696527e-01   9.46607723e-03
   9.77608023e-05] , [  4.42723065e-86   4.49165683e-03   9.90547531e-01   1.30100138e-03
   3.65981074e-03] , [  5.06336423e-03   1.41065943e-02   1.04519009e-02   9.69902746e-01
   4.75394416e-04] , [  2.29065912e-17   1.13502771e-04   9.90372357e-01   1.91586701e-05
   9.49498149e-03] , [  4.10813467e-03   1.75171717e-02   9.61049550e-01   1.73130288e-02
   1.21144610e-05] , [  1.10438340e-18   1.10013328e-04   9.56939258e-01   1.44115607e-05
   4.29363171e-02] , [  1.04492606e-17   1.32414943e-07   9.31954594e-01   6.82532228e-05
   6.79770206e-02] , [  2.25409995e-17   9.30351099e-05   9.93758341e-01   1.90518253e-05
   6.12957182e-03] , [  2.74806520e-18   9.04213345e-01   7.54750122e-02   2.01120613e-02
   1.99581578e-04] , [  4.23547798e-16   4.44643488e-02   9.51619736e-01   3.73756143e-03
   1.78354195e-04] , [  6.26742703e-85   2.51480131e-03   9.95387378e-01   1.35068590e-03
   7.47134430e-04] , [  1.18205661e-83   1.81194592e-02   9.36185999e-03   9.71970045e-01
   5.48635328e-04] , [  4.20818913e-05   5.38946441e-08   9.67045019e-01   6.92862652e-05
   3.28435591e-02] , [  2.46179536e-21   4.15581363e-14   9.70858161e-01   4.94297931e-14
   2.91418388e-02] , [  5.08071334e-04   9.66382470e-03   9.81060580e-01   8.40078754e-03
   3.66736510e-04] , [  1.02557815e-72   2.10457215e-02   9.78006228e-01   7.26065448e-04
   2.21984963e-04] , [  4.31566843e-05   4.98290364e-07   9.99049002e-01   4.58748931e-04
   4.48594387e-04] , [  5.26926629e-85   2.26290858e-02   9.75989363e-01   1.28090993e-03
   1.00641535e-04] , [  9.37260117e-03   5.26681832e-03   1.28085312e-02   9.72172874e-01
   3.79175214e-04] , [  1.47953795e-05   9.72946584e-03   9.72907318e-01   1.69676840e-02
   3.80736781e-04] , [  2.06596216e-18   8.05826747e-09   1.46225451e-01   5.80421201e-07
   8.53773961e-01] , [  1.28456365e-02   5.32176804e-03   2.82736163e-02   9.53410607e-01
   1.48372457e-04] , [  1.49958247e-06   5.96407492e-10   9.99327544e-01   1.63691794e-09
   6.70954129e-04] , [  2.70758517e-85   4.98407525e-02   9.49071019e-01   4.90727802e-04
   5.97500674e-04] , [  1.26492528e-03   6.02433364e-04   9.96121328e-01   1.95716652e-03
   5.41470504e-05] , [  8.08909047e-15   9.15725590e-01   6.72787536e-02   1.66143632e-02
   3.81292821e-04] , [  1.74660299e-03   1.64537672e-02   9.79403790e-01   2.36096556e-03
   3.48740172e-05] , [  1.31729763e-07   1.17120430e-11   9.99046523e-01   2.43923485e-11
   9.53345327e-04] , [  2.19068385e-19   7.29548944e-09   1.11590458e-01   4.52814997e-07
   8.88409081e-01] , [  7.72910384e-05   8.13175821e-04   9.97554379e-01   1.43121928e-03
   1.23935063e-04] , [  9.12766723e-84   8.25567032e-01   1.70740306e-01   3.63941465e-03
   5.32479330e-05] , [  7.39156231e-86   1.48754838e-06   9.40462184e-01   4.54778317e-06
   5.95317806e-02] , [  1.08592365e-06   6.30951102e-08   3.93603373e-01   3.22914562e-07
   6.06395155e-01] , [  3.27572633e-16   2.27989827e-02   9.66048197e-01   1.11320078e-02
   2.08127275e-05] , [  7.80021050e-05   7.83667329e-07   9.69724501e-01   1.26079401e-05
   3.01841051e-02] , [  5.34073806e-17   2.08462712e-02   9.75449656e-01   3.53729034e-03
   1.66782405e-04] , [  4.93211803e-84   4.04887615e-02   9.58160564e-01   6.06783479e-04
   7.43890666e-04] , [  5.56474500e-16   2.09875547e-02   9.76677829e-01   2.28134595e-03
   5.32707373e-05] , [  8.52899976e-18   1.21549271e-06   9.46224110e-01   6.35225707e-06
   5.37683225e-02] , [  2.27305196e-04   9.54599327e-03   9.89115629e-01   1.05657884e-03
   5.44937845e-05] , [  5.28247084e-16   2.80137309e-02   9.71262554e-01   6.63070260e-04
   6.06448483e-05] , [  1.64193559e-13   1.35945635e-03   9.88049508e-01   1.04689201e-02
   1.22115106e-04] , [  4.18968523e-03   3.08433806e-03   9.83959083e-01   8.74445081e-03
   2.24428159e-05] , [  1.35283811e-05   4.44436463e-08   9.38285201e-01   4.66148754e-05
   6.16546112e-02] , [  5.38407019e-13   3.14694731e-02   2.97291315e-02   9.38631169e-01
   1.70226866e-04] , [  2.18402527e-05   3.05439012e-06   9.89020847e-01   4.19942796e-05
   1.09122640e-02] , [  4.06279805e-84   2.47498817e-02   9.73609216e-01   1.58580020e-03
   5.51016778e-05] , [  3.48419532e-08   2.73789012e-13   9.97996554e-01   4.27315726e-13
   2.00341097e-03] , [  8.23822303e-17   8.52080895e-01   1.43579024e-01   4.19707090e-03
   1.43009678e-04] , [  1.57087524e-16   7.95221511e-01   2.00601439e-01   4.11637096e-03
   6.06787075e-05] , [  2.44803517e-09   3.49636078e-09   1.79555728e-01   3.36274989e-07
   8.20443930e-01] , [  1.40639748e-04   6.81277932e-04   9.85541168e-01   1.35252920e-02
   1.11622777e-04] , [  7.01146356e-85   2.63773930e-02   9.72771541e-01   3.49519307e-04
   5.01547043e-04] , [  2.39890073e-16   3.03008977e-02   9.68911974e-01   6.37186802e-04
   1.49941086e-04] , [  6.04644040e-85   2.50137292e-02   9.74356269e-01   5.46228189e-04
   8.37737216e-05] , [  4.54489341e-86   3.37073755e-03   9.93717776e-01   9.47353499e-04
   1.96413340e-03] , [  4.18688027e-16   1.86194347e-02   9.59094838e-01   2.21082292e-02
   1.77498498e-04] , [  1.40585529e-15   1.47267272e-02   1.03153725e-02   9.74469820e-01
   4.88080651e-04] , [  3.33665222e-03   1.28416063e-01   8.68246007e-01   6.50915790e-07
   6.26769600e-07] , [  6.25539617e-04   1.33538606e-03   9.94820276e-01   2.72935344e-03
   4.89444792e-04] , [  5.25182662e-03   6.10185290e-04   9.54657125e-01   3.94689375e-02
   1.19254955e-05] , [  2.19346016e-72   9.16003335e-01   6.73748516e-02   1.64216811e-02
   2.00132504e-04] , [  2.12342875e-16   4.17716966e-02   9.54914461e-01   3.18421070e-03
   1.29631703e-04] , [  5.31340736e-16   3.67169351e-02   9.62267061e-01   9.04871530e-04
   1.11132432e-04] , [  4.91665309e-17   3.64360108e-02   9.52013243e-01   1.15188791e-02
   3.18674895e-05] , [  2.42392132e-03   1.00622962e-03   9.75724300e-01   2.07138187e-02
   1.31729976e-04] , [  6.86282623e-85   3.50255661e-02   9.63553998e-01   4.82007641e-04
   9.38428369e-04] , [  4.30229564e-84   3.70276185e-02   9.61699358e-01   8.76037865e-04
   3.96985286e-04] , [  1.05469684e-04   1.46237678e-02   9.82658254e-01   2.58383997e-03
   2.86689596e-05] , [  5.36718717e-05   1.25862704e-02   9.85686599e-01   1.07611570e-03
   5.97342950e-04] , [  2.38311640e-06   6.39449380e-08   5.52757810e-01   3.64254243e-07
   4.47239379e-01] , [  1.07908038e-05   9.68458706e-01   3.15296382e-02   6.59934632e-08
   7.98955955e-07] , [  1.92122990e-85   6.45277601e-02   9.32718497e-01   2.19368096e-03
   5.60062479e-04] , [  5.11692972e-18   3.67395179e-03   9.91226181e-01   1.81715011e-03
   3.28271732e-03] , [  2.09642407e-86   7.35181184e-05   9.78340175e-01   7.19680385e-06
   2.15791101e-02] , [  3.41595016e-14   5.27194588e-02   9.43855098e-01   3.32355882e-03
   1.01884349e-04] , [  2.91204582e-05   2.05825837e-06   9.87816037e-01   4.42043286e-05
   1.21085795e-02] , [  6.57288552e-17   7.80762971e-03   9.78559149e-01   1.35629314e-02
   7.02895987e-05] , [  1.69021464e-03   1.00137842e-02   9.87291403e-01   9.71823113e-04
   3.27754131e-05] , [  7.60658043e-84   5.54488499e-02   9.41512157e-01   2.87398708e-03
   1.65005772e-04] , [  4.61593431e-06   7.27668551e-07   7.85085118e-01   1.09210213e-05
   2.14898617e-01] , [  1.25319550e-16   1.76130798e-02   9.36972632e-03   9.71337101e-01
   1.68009302e-03] , [  4.49583198e-06   1.98468349e-02   9.79301054e-01   7.12344760e-04
   1.35270039e-04] , [  3.27825490e-84   2.28692366e-03   9.96011383e-01   1.22426271e-03
   4.77431062e-04] , [  1.37604660e-01   1.14078285e-02   8.50987425e-01   8.48510858e-09
   7.82200162e-08] , [  1.68154761e-02   2.39568817e-04   9.47870378e-01   3.49849519e-02
   8.96254187e-05] , [  4.17546630e-84   2.83828031e-02   9.68309923e-01   3.19868594e-03
   1.08587578e-04] , [  8.55226542e-14   1.29378175e-03   9.88863657e-01   9.71065140e-03
   1.31909507e-04] , [  3.17543375e-06   9.93375034e-07   5.77802723e-01   9.97820059e-06
   4.22183130e-01] , [  4.77425630e-07   7.37811251e-07   6.83282167e-01   3.26428094e-06
   3.16713353e-01] , [  3.16310921e-05   5.33950208e-08   9.63030774e-01   6.72009271e-05
   3.68703410e-02] , [  8.53418448e-18   1.21536938e-06   9.46273120e-01   6.35239144e-06
   5.37193120e-02] , [  1.20363403e-84   9.08587302e-01   8.44078748e-02   6.82383523e-03
   1.80988489e-04] , [  1.00575026e-84   5.85546754e-04   9.81508822e-01   1.63750329e-02
   1.53059845e-03] , [  5.61801554e-16   1.45995064e-02   9.82059176e-01   3.31029731e-03
   3.10205300e-05] , [  3.92798150e-03   5.51655486e-01   4.31032577e-01   1.33356284e-02
   4.83271626e-05] , [  1.21569333e-06   2.55097371e-07   6.53820427e-01   2.40551011e-06
   3.46175696e-01] , [  2.16323965e-16   4.97626576e-02   9.47866274e-01   2.33063815e-03
   4.04306283e-05] , [  3.54073766e-17   2.63259941e-02   9.72975772e-01   5.10351595e-04
   1.87882009e-04] , [  5.10279060e-04   1.24730100e-02   9.85764631e-01   1.16876073e-03
   8.33188663e-05] ]
log_loss: 0.144315242316 

------------ 		SVC         ------------
Predict Proba:
 [ 0.00658889  0.0466949   0.88579267  0.0329331   0.02799044] , [ 0.00661014  0.05016738  0.86508604  0.05305213  0.02508431] , [ 0.00676751  0.04898623  0.88172838  0.0335619   0.02895597] , [ 0.00671958  0.04835249  0.88282639  0.03338376  0.02871778] , [ 0.00687608  0.05034968  0.87920832  0.03398991  0.02957601] , [ 0.00659941  0.04679074  0.8856769   0.03291384  0.02801911] , [ 0.00492093  0.08201716  0.87631391  0.02364417  0.01310383] , [ 0.00648353  0.04661405  0.88709268  0.03241333  0.02739642] , [ 0.00451689  0.03230074  0.8983296   0.05058191  0.01427086] , [ 0.0031687   0.03746353  0.91694315  0.03634096  0.00608367] , [ 0.00649271  0.04539484  0.88802567  0.03254593  0.02754084] , [ 0.00667125  0.04783549  0.88379666  0.03322159  0.02847501] , [ 0.01457602  0.15162616  0.7054845   0.05870185  0.06961147] , [ 0.00443761  0.16582189  0.78595657  0.03511351  0.00867042] , [ 0.00504944  0.04429872  0.90915419  0.02569435  0.0158033 ] , [ 0.00337543  0.04630124  0.91466629  0.02771244  0.0079446 ] , [ 0.0047691   0.04930095  0.90856807  0.02387815  0.01348373] , [ 0.007104    0.20183643  0.69412755  0.08711575  0.00981627] , [ 0.00445254  0.16452512  0.78711998  0.03514825  0.00875411] , [ 0.00492046  0.07261522  0.88517112  0.02388947  0.01340374] , [ 0.00654324  0.04607095  0.88691169  0.03274769  0.02772644] , [ 0.00476105  0.04882828  0.909031    0.02387908  0.01350058] , [ 0.01454551  0.15126145  0.7061099   0.05861719  0.06946595] , [ 0.00424834  0.0634659   0.86307141  0.06054545  0.00866891] , [ 0.01487007  0.15511332  0.69949536  0.05951794  0.07100331] , [ 0.00482156  0.05100455  0.90640011  0.02407766  0.01369612] , [ 0.00424678  0.09725339  0.850123    0.03903932  0.00933751] , [ 0.00347106  0.04662381  0.91235804  0.02933609  0.008211  ] , [ 0.01486997  0.15511212  0.69949742  0.05951766  0.07100283] , [ 0.00654848  0.04614992  0.88673061  0.03277136  0.02779963] , [ 0.00473572  0.04692166  0.91112491  0.02379667  0.01342105] , [ 0.00658197  0.04663249  0.88593546  0.03289816  0.02795191] , [ 0.01487007  0.15511332  0.69949536  0.05951794  0.07100331] , [ 0.01487007  0.15511332  0.69949536  0.05951794  0.07100331] , [ 0.00463832  0.04387944  0.91503871  0.02342326  0.01302028] , [ 0.00659396  0.0466914   0.88579445  0.03291091  0.02800927] , [ 0.00835671  0.07047005  0.84391488  0.03942696  0.0378314 ] , [ 0.01454496  0.15125484  0.70612124  0.05861564  0.06946332] , [ 0.00531117  0.14419648  0.771381    0.07123559  0.00787576] , [ 0.00477864  0.05695565  0.90126577  0.02371117  0.01328877] , [ 0.00379757  0.07374465  0.88893269  0.02530431  0.00822078] , [ 0.00334636  0.04329451  0.91959513  0.02572938  0.00803462] , [ 0.00523231  0.07509869  0.81140591  0.09865238  0.00961072] , [ 0.00631401  0.05195243  0.88123138  0.03431058  0.0261916 ] , [ 0.01486976  0.15510962  0.69950172  0.05951707  0.07100183] , [ 0.00489853  0.06907612  0.8886699   0.02390908  0.01344637] , [ 0.00552102  0.1504143   0.80599806  0.02444193  0.01362469] , [ 0.00321334  0.04679892  0.9062665   0.03819784  0.0055234 ] , [ 0.01487007  0.15511332  0.69949536  0.05951794  0.07100331] , [ 0.01487007  0.15511332  0.69949536  0.05951794  0.07100331] , [ 0.0047879   0.05360969  0.90428133  0.02386162  0.01345946] , [ 0.00659271  0.04679023  0.88570601  0.03290086  0.02801019] , [ 0.00358911  0.06307804  0.88136599  0.04575368  0.00621318] , [ 0.01486673  0.15506739  0.69954873  0.05953461  0.07098254] , [ 0.00497934  0.07811086  0.87935249  0.02402759  0.01352971] , [ 0.00477913  0.05457141  0.90355879  0.02375398  0.01333669] , [ 0.00621579  0.03868611  0.89672055  0.02954591  0.02883163] , [ 0.00474823  0.05498706  0.90352301  0.02358542  0.01315628] , [ 0.00316619  0.03155956  0.92959894  0.02766534  0.00800997] , [ 0.00522033  0.09137651  0.86431328  0.02478112  0.01430876] , [ 0.01565076  0.91143813  0.00815811  0.03906425  0.02568875] , [ 0.00670085  0.04165348  0.77995728  0.15452688  0.0171615 ] , [ 0.00947237  0.1737968   0.6935898   0.10919003  0.013951  ] , [ 0.0066717   0.04783818  0.88379253  0.03323386  0.02846372] , [ 0.0030973   0.02626414  0.93765267  0.02492562  0.00806027] , [ 0.00658908  0.04663658  0.88586826  0.03291582  0.02799026] , [ 0.00346175  0.05399634  0.90602457  0.02839422  0.00812312] , [ 0.024351    0.09578255  0.05400277  0.78847701  0.03738667] , [ 0.00656444  0.04642986  0.88628529  0.03282366  0.02789674] , [ 0.0032522   0.03365126  0.90842315  0.04901239  0.005661  ] , [ 0.00651182  0.04566539  0.88761232  0.03262349  0.02758698] , [ 0.0048046   0.05706815  0.9009291   0.02382159  0.01337656] , [ 0.00362304  0.07022461  0.89165939  0.02606222  0.00843074] , [ 0.00351839  0.0536337   0.90778006  0.02664113  0.00842672] , [ 0.00460706  0.04284648  0.91634215  0.02330451  0.0128998 ] , [ 0.01487007  0.15511332  0.69949536  0.05951794  0.07100331] , [ 0.01072356  0.10277997  0.78868593  0.04732219  0.05048835] , [ 0.00667209  0.04773222  0.88389428  0.0332251   0.02847631] , [ 0.01880097  0.00420368  0.00428989  0.00796441  0.96474105] , [ 0.01524738  0.26719286  0.56587191  0.13149745  0.0201904 ] , [ 0.00295359  0.0348718   0.92293067  0.03395514  0.0052888 ] , [ 0.02319589  0.08957882  0.04678794  0.80645388  0.03398347] , [ 0.00655209  0.04616798  0.88669799  0.03277017  0.02781177] , [ 0.01454375  0.1512417   0.70614397  0.05861258  0.069458  ] , [ 0.02512836  0.08191843  0.07098627  0.78540578  0.03656116] , [ 0.00694717  0.0514208   0.87737619  0.03426059  0.02999523] , [ 0.00481588  0.05645748  0.90141129  0.02386619  0.01344916] , [ 0.0150907   0.15899024  0.6941916   0.05997576  0.0717517 ] , [ 0.00498079  0.07801422  0.8794489   0.02403447  0.01352162] , [ 0.00507581  0.0808274   0.87580324  0.02439292  0.01390062] , [ 0.01487007  0.15511332  0.69949536  0.05951794  0.07100331] , [ 0.00666029  0.10438344  0.6972914   0.18332642  0.00833845] , [ 0.00491877  0.06484392  0.89238495  0.02414285  0.01370952] , [ 0.00355998  0.05526263  0.90562058  0.02708073  0.00847608] , [ 0.01487007  0.15511332  0.69949536  0.05951794  0.07100331] , [ 0.00523813  0.27971301  0.6756404   0.03017045  0.00923801] , [ 0.00659729  0.04680977  0.88559165  0.03292333  0.02807797] , [ 0.00345288  0.05374952  0.90815458  0.02639893  0.0082441 ] , [ 0.00706039  0.08828125  0.65460199  0.24164697  0.00840941] , [ 0.01595366  0.90837991  0.00859892  0.04011854  0.02694897] , [ 0.00989111  0.07727716  0.74918329  0.11278865  0.05085979] , [ 0.00328462  0.03390518  0.90887126  0.04810089  0.00583805] , [ 0.00683249  0.04995699  0.87999939  0.03384378  0.02936736] , [ 0.00429582  0.09924497  0.84678193  0.04032177  0.0093555 ] , [ 0.01036991  0.0979583   0.79673506  0.04618656  0.04875017] , [ 0.00650642  0.04649211  0.88819788  0.03269965  0.02610394] , [ 0.00478674  0.05680107  0.9014188   0.02371059  0.01328279] , [ 0.00551081  0.14547936  0.81071674  0.02453934  0.01375375] , [ 0.0065872   0.04659251  0.88590623  0.03291956  0.0279945 ] , [ 0.00351153  0.0548026   0.90646928  0.02693186  0.00828473] , [ 0.00332162  0.04724028  0.89920531  0.04451884  0.00571395] , [ 0.00659074  0.04676998  0.88570136  0.03292437  0.02801355] , [ 0.00656331  0.0463569   0.88638627  0.03280523  0.02788829] , [ 0.01454551  0.15126145  0.7061099   0.05861719  0.06946595] , [ 0.00665373  0.04758053  0.88426547  0.03314599  0.02835428] , [ 0.00658484  0.04670742  0.88582828  0.03289909  0.02798036] , [ 0.00469437  0.19617853  0.75638178  0.03367256  0.00907277] , [ 0.00323799  0.0314041   0.91147505  0.04813186  0.00575101] , [ 0.00572758  0.1866044   0.7303904   0.06926608  0.00801153] , [ 0.01072606  0.10281344  0.78862906  0.04733009  0.05050135] , [ 0.00648619  0.04622082  0.88868941  0.03262263  0.02598095] , [ 0.00659704  0.04866618  0.88391051  0.03281784  0.02800843] , [ 0.0155907   0.91188136  0.00810584  0.03892046  0.02550163] , [ 0.0145316   0.15108615  0.70639603  0.05857696  0.06940927] , [ 0.02435266  0.09581692  0.05404528  0.78838784  0.03739729] , [ 0.00303024  0.03606689  0.92127985  0.03413087  0.00549215] , [ 0.00652817  0.04597678  0.88737382  0.03264865  0.02747259] , [ 0.01487007  0.15511332  0.69949536  0.05951794  0.07100331] , [ 0.00348591  0.04801769  0.91075529  0.02942405  0.00831707] , [ 0.00671803  0.04827743  0.88291001  0.0334097   0.02868484] , [ 0.01862972  0.00397669  0.00412825  0.00774701  0.96551832] , [ 0.01487007  0.15511332  0.69949536  0.05951794  0.07100331] , [ 0.02490236  0.09869309  0.05774853  0.77964841  0.03900761] , [ 0.00667218  0.04784475  0.8837719   0.0332238   0.02848737] , [ 0.00439288  0.03170136  0.90395189  0.04591958  0.01403429] , [ 0.00316165  0.0506247   0.90546987  0.03507743  0.00566635] , [ 0.00475501  0.05361162  0.90472739  0.0236648   0.01324118] , [ 0.00303541  0.04980376  0.91193223  0.02975668  0.00547192] , [ 0.00656331  0.0463569   0.88638627  0.03280523  0.02788829] , [ 0.00477089  0.0533363   0.9047265   0.02378665  0.01337966] , [ 0.01487007  0.15511332  0.69949537  0.05951794  0.07100331] , [ 0.00662359  0.04704447  0.8851277   0.03304583  0.02815841] , [ 0.00478102  0.06107401  0.8974072   0.02359412  0.01314364] , [ 0.00659377  0.04667708  0.88573607  0.03294956  0.02804352] , [ 0.00940429  0.08400917  0.53436806  0.36191841  0.01030007] , [ 0.01487007  0.15511332  0.69949536  0.05951794  0.07100331] , [ 0.00655993  0.04623869  0.88652885  0.03280979  0.02786274] , [ 0.01487007  0.15511332  0.69949536  0.05951794  0.07100331] , [ 0.01487015  0.15511149  0.69949483  0.05951768  0.07100586] , [ 0.00476435  0.04812431  0.90964238  0.02392574  0.01354323] , [ 0.00327657  0.05743516  0.89609519  0.03746168  0.0057314 ] , [ 0.00338445  0.04350209  0.91847295  0.02655415  0.00808636] , [ 0.0184689   0.00388216  0.00401532  0.00754819  0.96608543] , [ 0.00319936  0.03780425  0.92642432  0.02480046  0.00777161] , [ 0.00479412  0.05495653  0.90303847  0.02381266  0.01339822] , [ 0.00334528  0.05753985  0.8952567   0.03789626  0.00596191] , [ 0.00333541  0.04922623  0.91390796  0.0256326   0.0078978 ] , [ 0.00534492  0.14629516  0.7702199   0.06993273  0.0082073 ] , [ 0.00584396  0.17812982  0.77674426  0.02508717  0.0141948 ] , [ 0.00671621  0.0483084   0.88290559  0.0333708   0.02869901] , [ 0.00559358  0.14804484  0.80746082  0.02483455  0.0140662 ] , [ 0.02558907  0.08469654  0.09376293  0.75729169  0.03865977] , [ 0.00626354  0.03935018  0.89559077  0.02979775  0.02899776] , [ 0.00559815  0.11699821  0.78901219  0.07816699  0.01022446] , [ 0.00654324  0.04607095  0.88691169  0.03274769  0.02772644] , [ 0.00472091  0.05121754  0.90732582  0.02357569  0.01316005] , [ 0.00330973  0.0473957   0.89925549  0.0443888   0.00565029] , [ 0.00636332  0.13161321  0.78204711  0.0689113   0.01106506] , [ 0.00465113  0.04793686  0.91113011  0.02335077  0.01293113] , [ 0.00298733  0.03592969  0.92262342  0.03292617  0.00553339] , [ 0.00560168  0.11745188  0.788043    0.07874419  0.01015926] , [ 0.00674762  0.04872473  0.88204628  0.03356566  0.02891572] , [ 0.00641261  0.040885    0.89231983  0.03029013  0.03009243] , [ 0.00310378  0.05072322  0.91172888  0.02851614  0.00592798] , [ 0.01042587  0.09871267  0.79545218  0.0463657   0.04904359] , [ 0.00496967  0.07833365  0.87925409  0.02397275  0.01346983] , [ 0.00682233  0.04972263  0.88035388  0.03381349  0.02928766] , [ 0.0035398   0.05722368  0.90263019  0.0283621   0.00824422] , [ 0.00301654  0.04991696  0.91220472  0.02944206  0.00541972] , [ 0.01487007  0.15511332  0.69949536  0.05951794  0.07100331] , [ 0.00458849  0.19553552  0.75994312  0.03106113  0.00887173] , [ 0.00455075  0.03282971  0.89756701  0.05063389  0.01441864] , [ 0.00661162  0.04701728  0.88526977  0.03297486  0.02812647] , [ 0.00657985  0.04648413  0.88611498  0.03288275  0.02793828] , [ 0.00477235  0.05364472  0.90445654  0.02376913  0.01335725] , [ 0.00659159  0.04675477  0.88567293  0.03293885  0.02804186] , [ 0.00543389  0.28872842  0.66508585  0.03100946  0.00974237] , [ 0.00660416  0.04695756  0.88538575  0.03296555  0.02808699] , [ 0.00684197  0.04989966  0.88001282  0.03385973  0.02938582] , [ 0.00467183  0.04795695  0.91089581  0.02344378  0.01303163] , [ 0.0065591   0.04630025  0.88648523  0.03281372  0.02784171] , [ 0.00642491  0.04584702  0.88848333  0.03218747  0.02705727] , [ 0.00298606  0.03512358  0.92287492  0.03354166  0.00547377] , [ 0.00337497  0.04727232  0.91405591  0.02733276  0.00796405] , [ 0.0066349   0.04733871  0.88471728  0.03306402  0.02824509] , [ 0.00482652  0.06217618  0.89591592  0.0237529   0.01332848] , [ 0.00469281  0.21522964  0.73914406  0.03226407  0.00866942] , [ 0.00505884  0.08567475  0.87142701  0.02418924  0.01365016] , [ 0.0030279   0.03613098  0.92250247  0.03260954  0.0057291 ] , [ 0.00458422  0.19238728  0.75966753  0.0347151   0.00864587] , [ 0.00663203  0.04720954  0.88488232  0.03304615  0.02822996] , [ 0.01558094  0.91187975  0.0081067   0.03892812  0.02550448] , [ 0.01487007  0.15511332  0.69949536  0.05951794  0.07100331] , [ 0.02648092  0.08986578  0.12323894  0.71794242  0.04247194] , [ 0.00659041  0.04666873  0.88580927  0.03290956  0.02802203] , [ 0.00845496  0.04445204  0.66137301  0.26809639  0.0176236 ] , [ 0.0034043   0.04791387  0.89487543  0.04787434  0.00593206] , [ 0.00675928  0.04895193  0.88180307  0.03354054  0.02894518] , [ 0.01487007  0.15511332  0.69949536  0.05951794  0.07100331] , [ 0.0047704   0.05638428  0.90198388  0.02364583  0.0132156 ] , [ 0.01034096  0.09766626  0.79742396  0.04609496  0.04847387] , [ 0.00577258  0.15963735  0.79477678  0.02528615  0.01452715] , [ 0.00369209  0.07934396  0.88115822  0.02740093  0.00840481] , [ 0.00484458  0.05778049  0.89983971  0.02397169  0.01356353] , [ 0.00623454  0.03868465  0.89624661  0.02953615  0.02929806] , [ 0.01487007  0.15511332  0.69949536  0.05951794  0.07100331] , [ 0.0048278   0.05803329  0.8998006   0.02388319  0.01345512] , [ 0.00365511  0.07056135  0.88993312  0.02739272  0.00845769] , [ 0.00658566  0.04656851  0.88593091  0.032907    0.02800792] , [ 0.00824662  0.06901553  0.84646783  0.03905153  0.03721849] , [ 0.01487007  0.15511332  0.69949536  0.05951794  0.07100331] , [ 0.00661839  0.0471018   0.88511618  0.03299935  0.02816427] , [ 0.00707699  0.05314301  0.87428784  0.03478492  0.03070725] , [ 0.00465563  0.05114073  0.90808875  0.02327592  0.01283897] , [ 0.00367595  0.08514971  0.87693993  0.02591554  0.00831888] , [ 0.01487007  0.15511332  0.69949537  0.05951794  0.07100331] , [ 0.01208948  0.15368695  0.72167302  0.05569437  0.05685619] , [ 0.00307188  0.03584698  0.9210596   0.03285483  0.0071667 ] , [ 0.00346547  0.04640874  0.91280121  0.02910343  0.00822116] , [ 0.00480271  0.05698258  0.90105524  0.02379458  0.01336489] , [ 0.00656741  0.04778964  0.88504571  0.03273462  0.02786262] , [ 0.004752    0.05782582  0.90080637  0.02353331  0.01308249] , [ 0.006672    0.04777821  0.88387009  0.03322085  0.02845885] , [ 0.01487007  0.15511332  0.69949536  0.05951794  0.07100331] , [ 0.00327875  0.05204642  0.90673377  0.03141104  0.00653002] , [ 0.00631837  0.04009111  0.78997256  0.14720606  0.01641189] , [ 0.00528218  0.14089692  0.77916679  0.06485219  0.00980191] , [ 0.00471952  0.05532716  0.90352513  0.02343196  0.01299623] , [ 0.0048272   0.06226189  0.89582847  0.02375357  0.01332888] , [ 0.00661226  0.04702324  0.88518893  0.0330187   0.02815688] , [ 0.01443757  0.15600625  0.70210578  0.05822635  0.06922405] , [ 0.00824303  0.06896638  0.84655296  0.03903884  0.03719878] , [ 0.00301653  0.03525135  0.92179632  0.03452208  0.00541371] , [ 0.01487007  0.15511332  0.69949536  0.05951794  0.07100331] , [ 0.02591423  0.10426831  0.06556615  0.76202871  0.04222261] , [ 0.00669319  0.10381828  0.69664678  0.18449933  0.00834242] , [ 0.00472095  0.05121857  0.90732439  0.02357586  0.01316023] , [ 0.00486269  0.05756049  0.89985082  0.02406434  0.01366165] , [ 0.00663448  0.04733322  0.88472717  0.03306239  0.02824274] , [ 0.00683909  0.05238395  0.859649    0.05501845  0.02610952] , [ 0.00369822  0.07330602  0.8906313   0.02441141  0.00795304] , [ 0.00477735  0.05224031  0.90570072  0.02384131  0.01344031] , [ 0.01487007  0.15511332  0.69949536  0.05951794  0.07100331] , [ 0.01487007  0.15511332  0.69949536  0.05951794  0.07100331] , [ 0.00344995  0.03867771  0.9201684   0.0293818   0.00832214] , [ 0.00657702  0.04649338  0.88606978  0.03289292  0.02796689] , [ 0.0159804   0.90813112  0.00863046  0.0402041   0.02705392] , [ 0.01428083  0.15407245  0.7052368   0.05782251  0.0685874 ] , [ 0.01487007  0.15511332  0.69949536  0.05951794  0.07100331] , [ 0.0047377   0.03294598  0.88212048  0.0658298   0.01436604] , [ 0.01487007  0.15511332  0.69949536  0.05951794  0.07100331] , [ 0.00476747  0.05072788  0.90722044  0.02383907  0.01344515] , [ 0.00944697  0.08298944  0.53420628  0.36301765  0.01033966] , [ 0.00662081  0.04713629  0.88505515  0.03301017  0.02817758] , [ 0.00479614  0.06299085  0.89545337  0.02360888  0.01315076] , [ 0.00674783  0.04879741  0.8820403   0.03353741  0.02887704] , [ 0.0067594   0.04894754  0.88178109  0.03356684  0.02894513] , [ 0.00659312  0.04677591  0.8857058   0.03290299  0.02802218] , [ 0.01563849  0.91143109  0.0081612   0.03908592  0.0256833 ] , [ 0.00335599  0.05475413  0.9076885   0.02641397  0.00778741] , [ 0.00470693  0.04527779  0.91291425  0.02374173  0.0133593 ] , [ 0.00431599  0.0975093   0.84545624  0.0435377   0.00918078] , [ 0.00659399  0.04681805  0.88562188  0.03293153  0.02803454] , [ 0.01487007  0.15511332  0.69949536  0.05951794  0.07100331] , [ 0.00492068  0.03411795  0.87459841  0.07160726  0.0147557 ] , [ 0.00487461  0.06751883  0.89039739  0.02382321  0.01338595] , [ 0.00844709  0.11727367  0.80004284  0.03861087  0.03562553] , [ 0.00447506  0.03200185  0.89940038  0.04997811  0.01414461] , [ 0.02415894  0.07719549  0.04346493  0.82195733  0.03322331] , [ 0.00484697  0.0559556   0.90148879  0.02404853  0.01366011] , [ 0.01486997  0.15511212  0.69949743  0.05951766  0.07100283] , [ 0.02436174  0.09583363  0.05405359  0.78834881  0.03740222] , [ 0.00659214  0.0467529   0.88573485  0.03291364  0.02800647] , [ 0.00474339  0.06018677  0.89865378  0.02343772  0.01297833] , [ 0.00508038  0.04400868  0.88621863  0.03659942  0.02809289] , [ 0.01509037  0.15898447  0.6941995   0.05997508  0.07175058] , [ 0.00384151  0.06551975  0.87010971  0.05381755  0.00671148] , [ 0.00657776  0.04646831  0.88611114  0.03287967  0.02796312] , [ 0.01879805  0.00420348  0.00428679  0.00795286  0.96475882] , [ 0.00473391  0.05234908  0.90612805  0.02360602  0.01318295] , [ 0.00586159  0.33277047  0.61996188  0.0312697   0.01013636] , [ 0.00658703  0.0467859   0.88573698  0.03289277  0.02799731] , [ 0.01859199  0.00394255  0.00409895  0.00769376  0.96567275] , [ 0.00345565  0.05411276  0.90622561  0.02808264  0.00812334] , [ 0.00654098  0.0461576   0.88707934  0.03270066  0.02752143] , [ 0.00471805  0.0326359   0.88483151  0.06349758  0.01431697] , [ 0.00376731  0.09317795  0.86876472  0.02578233  0.0085077 ] , [ 0.0065884   0.04676812  0.88573764  0.03290207  0.02800377] , [ 0.01487007  0.15511332  0.69949536  0.05951794  0.07100331] , [ 0.01427589  0.15406065  0.70528388  0.05780957  0.06857002] , [ 0.00338491  0.05452617  0.909788    0.02416757  0.00813335] , [ 0.00684177  0.05004655  0.87980494  0.03389711  0.02940963] , [ 0.00413514  0.04998178  0.88483792  0.04566223  0.01538293] , [ 0.00671675  0.0484175   0.88274334  0.0334046   0.02871781] , [ 0.00696444  0.08652393  0.70352182  0.19225758  0.01073223] , [ 0.00649265  0.04539404  0.88802713  0.03254569  0.02754049] , [ 0.00351159  0.05476886  0.90655792  0.02686659  0.00829504] , [ 0.00659033  0.04666776  0.88581111  0.03290927  0.02802154] , [ 0.00649853  0.04719628  0.88642752  0.03243399  0.02744368] , [ 0.00654169  0.04778453  0.88538857  0.03260075  0.02768447] , [ 0.01487007  0.15511332  0.69949536  0.05951794  0.07100331] , [ 0.0047936   0.05114353  0.9066021   0.02392901  0.01353176] , [ 0.00474783  0.05180476  0.90640573  0.0237274   0.01331429] , [ 0.00339517  0.05214895  0.91134034  0.02496721  0.00814832] , [ 0.00504386  0.08388014  0.87327121  0.02416554  0.01363925] , [ 0.0047695   0.04818471  0.90955637  0.0239326   0.01355682] , [ 0.0037407   0.06585077  0.889032    0.03291888  0.00845765] , [ 0.00503102  0.12067814  0.8027663   0.06180166  0.00972288] , [ 0.01050285  0.09982551  0.79372252  0.04662127  0.04932785] , [ 0.00682624  0.05306001  0.86081799  0.05292621  0.02636955] , [ 0.00426722  0.05358162  0.85434459  0.07879566  0.00901091] , [ 0.00757545  0.34452065  0.60428171  0.02754346  0.01607872] , [ 0.00341264  0.05406471  0.90755276  0.02694662  0.00802327] , [ 0.01202217  0.15426412  0.72233327  0.05474799  0.05663245] , [ 0.00486106  0.06468563  0.89318814  0.0238717   0.01339347] , [ 0.00659385  0.04680138  0.88553356  0.03306311  0.02800809] , [ 0.00474867  0.0547989   0.90360773  0.02363747  0.01320722] , [ 0.003616    0.07869623  0.88392033  0.02549782  0.00826961] , [ 0.00474299  0.05494124  0.90359115  0.02357217  0.01315245] , [ 0.01486974  0.15510945  0.69950201  0.05951703  0.07100176] , [ 0.01907741  0.00422481  0.00446698  0.00831138  0.96391942] , [ 0.01487007  0.15511332  0.69949536  0.05951794  0.07100331] , [ 0.00370642  0.06006471  0.89775886  0.02976453  0.00870548] , [ 0.00466548  0.04713481  0.91171276  0.02345168  0.01303527] , [ 0.00667348  0.04779132  0.88380754  0.03324557  0.0284821 ] , [ 0.00625559  0.11057372  0.78219185  0.08980783  0.01117101] , [ 0.00641129  0.04435408  0.88992279  0.03222934  0.0270825 ] , [ 0.00560322  0.03718916  0.84012355  0.10130586  0.0157782 ] , [ 0.0030717   0.05057691  0.91112766  0.02958613  0.00563759] , [ 0.00684281  0.04991063  0.8799932   0.0338629   0.02939046] , [ 0.01486671  0.1550736   0.69956365  0.05950864  0.07098741] , [ 0.00800339  0.04374767  0.69260707  0.23812016  0.0175217 ] , [ 0.00668502  0.04787774  0.88365796  0.03326262  0.02851667] , [ 0.00309411  0.02616252  0.93757395  0.02516011  0.00800931] , [ 0.00675627  0.04888047  0.88189023  0.03354478  0.02892824] , [ 0.00474193  0.04849027  0.90956074  0.02380367  0.01340339] , [ 0.01454496  0.15125484  0.70612124  0.05861564  0.06946332] , [ 0.00359063  0.036756    0.90291756  0.04848249  0.00825332] , [ 0.00677394  0.04890628  0.88152836  0.03355491  0.02923651] , [ 0.01672699  0.12859903  0.6498518   0.05778516  0.14703703] , [ 0.00661157  0.0469867   0.88526943  0.03299022  0.02814208] , [ 0.01487007  0.15511332  0.69949536  0.05951794  0.07100331] , [ 0.00491971  0.07034797  0.88724544  0.0239751   0.01351179] , [ 0.01486671  0.1550688   0.69954939  0.05953229  0.07098281] , [ 0.00659189  0.04681801  0.88565323  0.0329147   0.02802216] , [ 0.00529867  0.14430448  0.77144768  0.07109539  0.00785377] , [ 0.00632361  0.03948111  0.89415812  0.02982179  0.03021536] , [ 0.00348627  0.06387634  0.89819574  0.02631346  0.00812819] , [ 0.00648525  0.04661081  0.88709259  0.0324151   0.02739625] , [ 0.00659074  0.04676998  0.88570136  0.03292437  0.02801355] ]
log_loss: 0.561965141099 

------------ LogisticRegression ------------
Predict Proba:
 [ 0.  0.  1.  0.  0.] , [ 0.  0.  1.  0.  0.] , [ 0.  0.  1.  0.  0.] , [ 0.  0.  1.  0.  0.] , [ 0.   0.1  0.9  0.   0. ] , [ 0.  0.  1.  0.  0.] , [ 0.  1.  0.  0.  0.] , [ 0.  0.  1.  0.  0.] , [ 0.   0.   0.9  0.   0.1] , [ 0.  0.  1.  0.  0.] , [ 0.  0.  1.  0.  0.] , [ 0.  0.  1.  0.  0.] , [ 0.   0.   0.9  0.   0.1] , [ 0.  1.  0.  0.  0.] , [ 0.  0.  1.  0.  0.] , [ 0.  0.  1.  0.  0.] , [ 0.  0.  1.  0.  0.] , [ 0.  1.  0.  0.  0.] , [ 0.  1.  0.  0.  0.] , [ 0.   0.1  0.9  0.   0. ] , [ 0.  0.  1.  0.  0.] , [ 0.  0.  1.  0.  0.] , [ 0.  0.  1.  0.  0.] , [ 0.   0.1  0.9  0.   0. ] , [ 0.   0.9  0.   0.1  0. ] , [ 0.  0.  1.  0.  0.] , [ 0.  0.  0.  1.  0.] , [ 0.   0.   0.9  0.   0.1] , [ 0.   0.   0.2  0.   0.8] , [ 0.  0.  1.  0.  0.] , [ 0.  0.  1.  0.  0.] , [ 0.  0.  1.  0.  0.] , [ 0.   0.8  0.1  0.1  0. ] , [ 0.   0.   0.9  0.   0.1] , [ 0.  0.  1.  0.  0.] , [ 0.  0.  1.  0.  0.] , [ 0.6  0.   0.4  0.   0. ] , [ 0.  0.  1.  0.  0.] , [ 0.1  0.4  0.5  0.   0. ] , [ 0.  0.  1.  0.  0.] , [ 0.  0.  1.  0.  0.] , [ 0.  0.  1.  0.  0.] , [ 0.  0.  1.  0.  0.] , [ 0.  0.  1.  0.  0.] , [ 0.  0.  1.  0.  0.] , [ 0.  1.  0.  0.  0.] , [ 0.  1.  0.  0.  0.] , [ 0.  0.  1.  0.  0.] , [ 0.4  0.   0.6  0.   0. ] , [ 0.  1.  0.  0.  0.] , [ 0.  0.  1.  0.  0.] , [ 0.  0.  1.  0.  0.] , [ 0.  0.  1.  0.  0.] , [ 0.  0.  1.  0.  0.] , [ 0.  1.  0.  0.  0.] , [ 0.  0.  1.  0.  0.] , [ 0.   0.   0.9  0.   0.1] , [ 0.  0.  1.  0.  0.] , [ 0.   0.   0.9  0.   0.1] , [ 0.  0.  0.  1.  0.] , [ 0.  1.  0.  0.  0.] , [ 0.  0.  0.  1.  0.] , [ 0.  1.  0.  0.  0.] , [ 0.  0.  1.  0.  0.] , [ 0.  0.  1.  0.  0.] , [ 0.  0.  1.  0.  0.] , [ 0.  0.  1.  0.  0.] , [ 0.  0.  0.  1.  0.] , [ 0.  0.  1.  0.  0.] , [ 0.  0.  1.  0.  0.] , [ 0.  0.  1.  0.  0.] , [ 0.  0.  1.  0.  0.] , [ 0.  0.  1.  0.  0.] , [ 0.  0.  1.  0.  0.] , [ 0.  0.  1.  0.  0.] , [ 0.   0.8  0.1  0.1  0. ] , [ 0.  0.  1.  0.  0.] , [ 0.  0.  1.  0.  0.] , [ 0.   0.   0.6  0.   0.4] , [ 0.  1.  0.  0.  0.] , [ 0.  0.  1.  0.  0.] , [ 0.  0.  0.  1.  0.] , [ 0.  0.  1.  0.  0.] , [ 0.  0.  1.  0.  0.] , [ 0.   0.9  0.1  0.   0. ] , [ 0.  0.  1.  0.  0.] , [ 0.  0.  1.  0.  0.] , [ 0.  1.  0.  0.  0.] , [ 0.   0.   0.9  0.1  0. ] , [ 0.  0.  1.  0.  0.] , [ 0.  0.  1.  0.  0.] , [ 0.   0.1  0.3  0.6  0. ] , [ 0.  0.  1.  0.  0.] , [ 0.  0.  1.  0.  0.] , [ 0.   0.9  0.   0.1  0. ] , [ 0.  1.  0.  0.  0.] , [ 0.  0.  1.  0.  0.] , [ 0.  0.  1.  0.  0.] , [ 0.  0.  0.  1.  0.] , [ 0.  1.  0.  0.  0.] , [ 0.  0.  0.  1.  0.] , [ 0.  0.  1.  0.  0.] , [ 0.  0.  1.  0.  0.] , [ 0.  0.  0.  1.  0.] , [ 0.   0.   0.7  0.   0.3] , [ 0.   0.   0.7  0.   0.3] , [ 0.  0.  1.  0.  0.] , [ 0.  1.  0.  0.  0.] , [ 0.  0.  1.  0.  0.] , [ 0.  0.  1.  0.  0.] , [ 0.  0.  1.  0.  0.] , [ 0.  0.  1.  0.  0.] , [ 0.  0.  1.  0.  0.] , [ 0.  0.  1.  0.  0.] , [ 0.   0.   0.9  0.   0.1] , [ 0.  0.  1.  0.  0.] , [ 0.  1.  0.  0.  0.] , [ 0.  0.  1.  0.  0.] , [ 0.  1.  0.  0.  0.] , [ 0.   0.   0.9  0.   0.1] , [ 0.  0.  1.  0.  0.] , [ 0.  1.  0.  0.  0.] , [ 0.  1.  0.  0.  0.] , [ 0.  0.  1.  0.  0.] , [ 0.  0.  0.  1.  0.] , [ 0.  0.  1.  0.  0.] , [ 0.  0.  1.  0.  0.] , [ 0.   0.   0.9  0.   0.1] , [ 0.  0.  1.  0.  0.] , [ 0.   0.   0.9  0.   0.1] , [ 0.   0.   0.1  0.   0.9] , [ 0.  0.  1.  0.  0.] , [ 0.  0.  1.  0.  0.] , [ 0.  0.  1.  0.  0.] , [ 0.  0.  1.  0.  0.] , [ 0.  0.  1.  0.  0.] , [ 0.  0.  1.  0.  0.] , [ 0.  0.  1.  0.  0.] , [ 0.  0.  1.  0.  0.] , [ 0.  0.  1.  0.  0.] , [ 0.  0.  1.  0.  0.] , [ 0.   0.   0.9  0.   0.1] , [ 0.  0.  1.  0.  0.] , [ 0.  0.  1.  0.  0.] , [ 0.  0.  0.  1.  0.] , [ 0.4  0.   0.6  0.   0. ] , [ 0.  0.  1.  0.  0.] , [ 0.   0.   0.1  0.   0.9] , [ 0.   0.   0.9  0.   0.1] , [ 0.  0.  1.  0.  0.] , [ 0.   0.1  0.9  0.   0. ] , [ 0.  0.  1.  0.  0.] , [ 0.  0.  0.  0.  1.] , [ 0.  0.  1.  0.  0.] , [ 0.  0.  1.  0.  0.] , [ 0.  0.  1.  0.  0.] , [ 0.  0.  1.  0.  0.] , [ 0.  1.  0.  0.  0.] , [ 0.   0.5  0.5  0.   0. ] , [ 0.  0.  1.  0.  0.] , [ 0.  1.  0.  0.  0.] , [ 0.  0.  1.  0.  0.] , [ 0.  0.  1.  0.  0.] , [ 0.  0.  0.  1.  0.] , [ 0.  0.  1.  0.  0.] , [ 0.  0.  1.  0.  0.] , [ 0.  0.  1.  0.  0.] , [ 0.  0.  1.  0.  0.] , [ 0.  0.  1.  0.  0.] , [ 0.  0.  1.  0.  0.] , [ 0.  0.  0.  1.  0.] , [ 0.  0.  1.  0.  0.] , [ 0.  0.  1.  0.  0.] , [ 0.  0.  1.  0.  0.] , [ 0.   0.   0.3  0.   0.7] , [ 0.  1.  0.  0.  0.] , [ 0.  0.  1.  0.  0.] , [ 0.   0.   0.9  0.1  0. ] , [ 0.  0.  1.  0.  0.] , [ 0.  0.  1.  0.  0.] , [ 0.  1.  0.  0.  0.] , [ 0.  0.  1.  0.  0.] , [ 0.  0.  1.  0.  0.] , [ 0.  0.  1.  0.  0.] , [ 0.  0.  1.  0.  0.] , [ 0.  0.  1.  0.  0.] , [ 0.   0.5  0.4  0.1  0. ] , [ 0.  0.  1.  0.  0.] , [ 0.  0.  1.  0.  0.] , [ 0.  0.  1.  0.  0.] , [ 0.  0.  1.  0.  0.] , [ 0.  0.  1.  0.  0.] , [ 0.  0.  1.  0.  0.] , [ 0.  0.  1.  0.  0.] , [ 0.  0.  1.  0.  0.] , [ 0.  0.  1.  0.  0.] , [ 0.  1.  0.  0.  0.] , [ 0.  1.  0.  0.  0.] , [ 0.   0.   0.9  0.   0.1] , [ 0.  1.  0.  0.  0.] , [ 0.  0.  1.  0.  0.] , [ 0.  1.  0.  0.  0.] , [ 0.  0.  1.  0.  0.] , [ 0.  0.  1.  0.  0.] , [ 0.  0.  1.  0.  0.] , [ 0.  0.  0.  1.  0.] , [ 0.  0.  1.  0.  0.] , [ 0.  0.  1.  0.  0.] , [ 0.   0.   0.1  0.   0.9] , [ 0.  0.  1.  0.  0.] , [ 0.   0.   0.9  0.   0.1] , [ 0.   0.6  0.4  0.   0. ] , [ 0.  0.  1.  0.  0.] , [ 0.  0.  1.  0.  0.] , [ 0.   0.   0.9  0.   0.1] , [ 0.   0.   0.9  0.   0.1] , [ 0.  0.  1.  0.  0.] , [ 0.  0.  1.  0.  0.] , [ 0.  0.  1.  0.  0.] , [ 0.  0.  1.  0.  0.] , [ 0.   0.1  0.9  0.   0. ] , [ 0.  0.  1.  0.  0.] , [ 0.  0.  1.  0.  0.] , [ 0.  0.  1.  0.  0.] , [ 0.   0.1  0.9  0.   0. ] , [ 0.  0.  1.  0.  0.] , [ 0.  0.  1.  0.  0.] , [ 0.  0.  1.  0.  0.] , [ 0.  0.  1.  0.  0.] , [ 0.  0.  1.  0.  0.] , [ 0.  0.  1.  0.  0.] , [ 0.  0.  1.  0.  0.] , [ 0.1  0.1  0.8  0.   0. ] , [ 0.  0.  0.  1.  0.] , [ 0.  0.  1.  0.  0.] , [ 0.  0.  0.  1.  0.] , [ 0.  0.  0.  1.  0.] , [ 0.  0.  1.  0.  0.] , [ 0.  0.  1.  0.  0.] , [ 0.  0.  1.  0.  0.] , [ 0.   0.   0.9  0.   0.1] , [ 0.  0.  1.  0.  0.] , [ 0.  0.  1.  0.  0.] , [ 0.   0.   0.1  0.   0.9] , [ 0.  1.  0.  0.  0.] , [ 0.   0.1  0.3  0.6  0. ] , [ 0.  0.  1.  0.  0.] , [ 0.  0.  1.  0.  0.] , [ 0.  0.  1.  0.  0.] , [ 0.   0.1  0.9  0.   0. ] , [ 0.  0.  1.  0.  0.] , [ 0.  0.  1.  0.  0.] , [ 0.   0.9  0.1  0.   0. ] , [ 0.1  0.   0.   0.   0.9] , [ 0.  0.  1.  0.  0.] , [ 0.1  0.   0.9  0.   0. ] , [ 0.  1.  0.  0.  0.] , [ 0.  0.  1.  0.  0.] , [ 0.  0.  1.  0.  0.] , [ 0.   0.   0.9  0.   0.1] , [ 0.   0.9  0.1  0.   0. ] , [ 0.  0.  1.  0.  0.] , [ 0.  0.  0.  1.  0.] , [ 0.  0.  1.  0.  0.] , [ 0.   0.1  0.9  0.   0. ] , [ 0.  0.  1.  0.  0.] , [ 0.  0.  1.  0.  0.] , [ 0.  0.  1.  0.  0.] , [ 0.  1.  0.  0.  0.] , [ 0.  0.  1.  0.  0.] , [ 0.  0.  1.  0.  0.] , [ 0.   0.   0.1  0.9  0. ] , [ 0.  0.  1.  0.  0.] , [ 0.4  0.   0.6  0.   0. ] , [ 0.   0.1  0.8  0.1  0. ] , [ 0.  0.  1.  0.  0.] , [ 0.   0.   0.8  0.   0.2] , [ 0.  0.  1.  0.  0.] , [ 0.  0.  0.  1.  0.] , [ 0.  0.  1.  0.  0.] , [ 0.   0.   0.1  0.   0.9] , [ 0.  0.  0.  1.  0.] , [ 0.  0.  1.  0.  0.] , [ 0.   0.1  0.9  0.   0. ] , [ 0.  0.  1.  0.  0.] , [ 0.  1.  0.  0.  0.] , [ 0.  0.  1.  0.  0.] , [ 0.1  0.   0.9  0.   0. ] , [ 0.   0.   0.2  0.   0.8] , [ 0.  0.  1.  0.  0.] , [ 0.  1.  0.  0.  0.] , [ 0.  0.  1.  0.  0.] , [ 0.   0.   0.1  0.   0.9] , [ 0.  0.  1.  0.  0.] , [ 0.  0.  1.  0.  0.] , [ 0.  0.  1.  0.  0.] , [ 0.  0.  1.  0.  0.] , [ 0.  0.  1.  0.  0.] , [ 0.  0.  1.  0.  0.] , [ 0.  0.  1.  0.  0.] , [ 0.  0.  1.  0.  0.] , [ 0.  0.  1.  0.  0.] , [ 0.1  0.   0.9  0.   0. ] , [ 0.  0.  1.  0.  0.] , [ 0.  0.  0.  1.  0.] , [ 0.  0.  1.  0.  0.] , [ 0.  0.  1.  0.  0.] , [ 0.  0.  1.  0.  0.] , [ 0.  1.  0.  0.  0.] , [ 0.  1.  0.  0.  0.] , [ 0.1  0.   0.   0.   0.9] , [ 0.  0.  1.  0.  0.] , [ 0.  0.  1.  0.  0.] , [ 0.  0.  1.  0.  0.] , [ 0.  0.  1.  0.  0.] , [ 0.  0.  1.  0.  0.] , [ 0.  0.  1.  0.  0.] , [ 0.  0.  0.  1.  0.] , [ 0.  0.  1.  0.  0.] , [ 0.  0.  1.  0.  0.] , [ 0.  0.  1.  0.  0.] , [ 0.  1.  0.  0.  0.] , [ 0.  0.  1.  0.  0.] , [ 0.  0.  1.  0.  0.] , [ 0.  0.  1.  0.  0.] , [ 0.  0.  1.  0.  0.] , [ 0.  0.  1.  0.  0.] , [ 0.  0.  1.  0.  0.] , [ 0.  0.  1.  0.  0.] , [ 0.  0.  1.  0.  0.] , [ 0.   0.   0.2  0.   0.8] , [ 0.   0.9  0.   0.1  0. ] , [ 0.  0.  1.  0.  0.] , [ 0.  0.  1.  0.  0.] , [ 0.  0.  1.  0.  0.] , [ 0.  0.  1.  0.  0.] , [ 0.   0.   0.8  0.   0.2] , [ 0.  0.  1.  0.  0.] , [ 0.  0.  1.  0.  0.] , [ 0.  0.  1.  0.  0.] , [ 0.  0.  1.  0.  0.] , [ 0.  0.  0.  1.  0.] , [ 0.  0.  1.  0.  0.] , [ 0.  0.  1.  0.  0.] , [ 0.  0.  1.  0.  0.] , [ 0.  0.  1.  0.  0.] , [ 0.  0.  1.  0.  0.] , [ 0.  0.  1.  0.  0.] , [ 0.   0.   0.8  0.   0.2] , [ 0.  0.  1.  0.  0.] , [ 0.  0.  1.  0.  0.] , [ 0.  0.  1.  0.  0.] , [ 0.  1.  0.  0.  0.] , [ 0.  0.  1.  0.  0.] , [ 0.  0.  1.  0.  0.] , [ 0.1  0.6  0.3  0.   0. ] , [ 0.   0.   0.9  0.   0.1] , [ 0.  0.  1.  0.  0.] , [ 0.  0.  1.  0.  0.] , [ 0.  0.  1.  0.  0.] ]
log_loss: 0.149835255346 

