------------ LogisticRegression ------------
Predict Proba:
 [ 0.36939374  0.63060626] , [ 0.70877639  0.29122361] , [ 0.86509765  0.13490235] , [ 0.75631291  0.24368709] , [ 0.89028478  0.10971522] , [ 0.96299741  0.03700259] , [ 0.83465079  0.16534921] , [ 0.70934308  0.29065692] , [ 0.59580581  0.40419419] , [ 0.04338082  0.95661918] , [ 0.88291839  0.11708161] , [ 0.93005205  0.06994795] , [ 0.86476832  0.13523168] , [ 0.55915809  0.44084191] , [ 0.09037048  0.90962952] , [ 0.9216511  0.0783489] , [ 0.01458369  0.98541631] , [ 0.05453591  0.94546409] , [ 0.01505152  0.98494848] , [ 0.21906376  0.78093624] , [ 0.00238406  0.99761594] , [ 0.82950941  0.17049059] , [ 0.60157189  0.39842811] , [ 0.0199313  0.9800687] , [ 0.90497813  0.09502187] , [ 0.00603457  0.99396543] , [ 0.00458822  0.99541178] , [ 0.96535096  0.03464904] , [ 0.24509203  0.75490797] , [ 0.0096769  0.9903231] , [ 0.00709404  0.99290596] , [  7.45278318e-04   9.99254722e-01] , [ 0.62147676  0.37852324] , [ 0.60095608  0.39904392] , [ 0.21883446  0.78116554] , [ 0.01447961  0.98552039] , [ 0.97583247  0.02416753] , [ 0.60384562  0.39615438] , [ 0.88481785  0.11518215] , [ 0.94764493  0.05235507] , [ 0.96068066  0.03931934] , [ 0.33005998  0.66994002] , [ 0.06421177  0.93578823] , [ 0.48036541  0.51963459] , [ 0.08248241  0.91751759] , [ 0.32888553  0.67111447] , [  6.34922660e-04   9.99365077e-01] , [ 0.99014634  0.00985366] , [ 0.01872435  0.98127565] , [ 0.07636232  0.92363768] , [ 0.25372072  0.74627928] , [ 0.57155985  0.42844015] , [ 0.31273278  0.68726722] , [ 0.00787246  0.99212754] , [ 0.13379819  0.86620181] , [ 0.96012376  0.03987624] , [ 0.29040391  0.70959609] , [ 0.29955727  0.70044273] , [ 0.02753585  0.97246415] , [ 0.1216707  0.8783293] , [ 0.90668415  0.09331585] , [ 0.27928793  0.72071207] , [ 0.89022678  0.10977322] , [ 0.92862204  0.07137796] , [ 0.00884629  0.99115371] , [ 0.9863998  0.0136002] , [ 0.98975332  0.01024668] , [ 0.11107936  0.88892064] , [ 0.30677433  0.69322567] , [ 0.93473291  0.06526709] , [ 0.9299209  0.0700791] , [ 0.47865992  0.52134008] , [ 0.77852251  0.22147749] , [ 0.9142973  0.0857027] , [ 0.06620149  0.93379851] , [ 0.07261267  0.92738733] , [ 0.05818735  0.94181265] , [ 0.35039504  0.64960496] , [ 0.01382868  0.98617132] , [ 0.01078283  0.98921717] , [ 0.03584527  0.96415473] , [ 0.98730965  0.01269035] , [ 0.03788273  0.96211727] , [ 0.91357786  0.08642214] , [ 0.14687545  0.85312455] , [ 0.99114998  0.00885002] , [ 0.70369027  0.29630973] ]
log_loss: 0.605144048935 

------------ 		SVC         ------------
Predict Proba:
 [ 0.52563843  0.47436157] , [ 0.52563841  0.47436159] , [ 0.52563842  0.47436158] , [ 0.52563841  0.47436159] , [ 0.52400189  0.47599811] , [ 0.52563542  0.47436458] , [ 0.52559191  0.47440809] , [ 0.52563841  0.47436159] , [ 0.52563841  0.47436159] , [ 0.52563841  0.47436159] , [ 0.52563841  0.47436159] , [ 0.52563571  0.47436429] , [ 0.52563495  0.47436505] , [ 0.52563841  0.47436159] , [ 0.52563841  0.47436159] , [ 0.52564846  0.47435154] , [ 0.52563841  0.47436159] , [ 0.52563841  0.47436159] , [ 0.52564318  0.47435682] , [ 0.52563841  0.47436159] , [ 0.52563841  0.47436159] , [ 0.52563841  0.47436159] , [ 0.52563841  0.47436159] , [ 0.52563841  0.47436159] , [ 0.52563841  0.47436159] , [ 0.52563841  0.47436159] , [ 0.52563841  0.47436159] , [ 0.52542185  0.47457815] , [ 0.52563841  0.47436159] , [ 0.52563841  0.47436159] , [ 0.52563841  0.47436159] , [ 0.52563841  0.47436159] , [ 0.52563841  0.47436159] , [ 0.52563841  0.47436159] , [ 0.52563841  0.47436159] , [ 0.55856354  0.44143646] , [ 0.52563841  0.47436159] , [ 0.52563841  0.47436159] , [ 0.52563841  0.47436159] , [ 0.52563841  0.47436159] , [ 0.52162823  0.47837177] , [ 0.52563841  0.47436159] , [ 0.52556726  0.47443274] , [ 0.52563841  0.47436159] , [ 0.52563842  0.47436158] , [ 0.52564026  0.47435974] , [ 0.52563841  0.47436159] , [ 0.52509367  0.47490633] , [ 0.52563814  0.47436186] , [ 0.52563841  0.47436159] , [ 0.52563841  0.47436159] , [ 0.52563841  0.47436159] , [ 0.52563841  0.47436159] , [ 0.52563841  0.47436159] , [ 0.52563841  0.47436159] , [ 0.52555879  0.47444121] , [ 0.52563047  0.47436953] , [ 0.52563802  0.47436198] , [ 0.52563841  0.47436159] , [ 0.52563841  0.47436159] , [ 0.52563345  0.47436655] , [ 0.52563917  0.47436083] , [ 0.52495211  0.47504789] , [ 0.52563866  0.47436134] , [ 0.52582991  0.47417009] , [ 0.52563841  0.47436159] , [ 0.52563841  0.47436159] , [ 0.52528113  0.47471887] , [ 0.52504264  0.47495736] , [ 0.52563839  0.47436161] , [ 0.52553255  0.47446745] , [ 0.52567426  0.47432574] , [ 0.52563841  0.47436159] , [ 0.52563841  0.47436159] , [ 0.52563841  0.47436159] , [ 0.66955086  0.33044914] , [ 0.52563841  0.47436159] , [ 0.52563841  0.47436159] , [ 0.52564166  0.47435834] , [ 0.52563841  0.47436159] , [ 0.52563841  0.47436159] , [ 0.52346586  0.47653414] , [ 0.52615892  0.47384108] , [ 0.52563501  0.47436499] , [ 0.52563841  0.47436159] , [ 0.52563841  0.47436159] , [ 0.52563836  0.47436164] ]
log_loss: 0.69789459114 

------------ LogisticRegression ------------
Predict Proba:
 [ 0.7  0.3] , [ 0.5  0.5] , [ 1.  0.] , [ 0.8  0.2] , [ 0.9  0.1] , [ 1.  0.] , [ 0.7  0.3] , [ 0.5  0.5] , [ 0.7  0.3] , [ 0.3  0.7] , [ 0.7  0.3] , [ 1.  0.] , [ 0.8  0.2] , [ 0.9  0.1] , [ 0.2  0.8] , [ 0.9  0.1] , [ 0.  1.] , [ 0.5  0.5] , [ 0.  1.] , [ 0.2  0.8] , [ 0.1  0.9] , [ 1.  0.] , [ 0.6  0.4] , [ 0.2  0.8] , [ 0.7  0.3] , [ 0.1  0.9] , [ 0.  1.] , [ 1.  0.] , [ 0.3  0.7] , [ 0.  1.] , [ 0.  1.] , [ 0.  1.] , [ 0.5  0.5] , [ 0.4  0.6] , [ 0.3  0.7] , [ 0.  1.] , [ 1.  0.] , [ 0.4  0.6] , [ 0.4  0.6] , [ 0.7  0.3] , [ 1.  0.] , [ 0.3  0.7] , [ 0.  1.] , [ 0.6  0.4] , [ 0.  1.] , [ 0.6  0.4] , [ 0.  1.] , [ 1.  0.] , [ 0.2  0.8] , [ 0.4  0.6] , [ 0.4  0.6] , [ 0.7  0.3] , [ 0.4  0.6] , [ 0.3  0.7] , [ 0.2  0.8] , [ 0.9  0.1] , [ 0.6  0.4] , [ 0.5  0.5] , [ 0.2  0.8] , [ 0.2  0.8] , [ 1.  0.] , [ 0.1  0.9] , [ 0.9  0.1] , [ 0.9  0.1] , [ 0.  1.] , [ 1.  0.] , [ 0.8  0.2] , [ 0.6  0.4] , [ 0.6  0.4] , [ 0.8  0.2] , [ 0.9  0.1] , [ 0.5  0.5] , [ 0.3  0.7] , [ 1.  0.] , [ 0.  1.] , [ 0.  1.] , [ 0.2  0.8] , [ 0.4  0.6] , [ 0.1  0.9] , [ 0.  1.] , [ 0.2  0.8] , [ 1.  0.] , [ 0.  1.] , [ 0.9  0.1] , [ 0.4  0.6] , [ 0.9  0.1] , [ 0.8  0.2] ]
log_loss: 1.19418137503 

