------------ LogisticRegression ------------
Predict Proba:
 [ 0.99547507  0.00452493] , [ 0.86187878  0.13812122] , [ 0.  1.] , [  2.34300639e-04   9.99765699e-01] , [  4.87138380e-06   9.99995129e-01] , [ 0.99766671  0.00233329] , [ 0.99370152  0.00629848] , [ 0.0056286  0.9943714] , [  2.28521379e-07   9.99999771e-01] , [  7.72358040e-04   9.99227642e-01] , [ 0.65078279  0.34921721] , [  1.61962325e-04   9.99838038e-01] , [ 0.03622414  0.96377586] , [ 0.96051277  0.03948723] , [ 0.9808327  0.0191673] , [ 0.00844682  0.99155318] , [ 0.81493677  0.18506323] , [ 0.60430675  0.39569325] , [ 0.06297506  0.93702494] , [  9.94759830e-13   1.00000000e+00] , [ 0.40931615  0.59068385] , [  7.17479063e-08   9.99999928e-01] , [ 0.87679471  0.12320529] , [  3.40172335e-13   1.00000000e+00] ]
log_loss: 4.00623179075 

------------ 		SVC         ------------
Predict Proba:
 [ 0.30449969  0.69550031] , [ 0.30449969  0.69550031] , [ 0.30449969  0.69550031] , [ 0.30449969  0.69550031] , [ 0.30449969  0.69550031] , [ 0.30449969  0.69550031] , [ 0.30449969  0.69550031] , [ 0.30449969  0.69550031] , [ 0.30449969  0.69550031] , [ 0.30449969  0.69550031] , [ 0.30449969  0.69550031] , [ 0.30449969  0.69550031] , [ 0.30449969  0.69550031] , [ 0.30449969  0.69550031] , [ 0.30449969  0.69550031] , [ 0.30449969  0.69550031] , [ 0.30449969  0.69550031] , [ 0.30449969  0.69550031] , [ 0.30449969  0.69550031] , [ 0.30449969  0.69550031] , [ 0.30449969  0.69550031] , [ 0.30449969  0.69550031] , [ 0.30449969  0.69550031] , [ 0.30449969  0.69550031] ]
log_loss: 0.707274401853 

------------ LogisticRegression ------------
Predict Proba:
 [ 0.6  0.4] , [ 0.4  0.6] , [ 0.3  0.7] , [ 0.3  0.7] , [ 0.2  0.8] , [ 0.8  0.2] , [ 0.5  0.5] , [ 0.5  0.5] , [ 0.3  0.7] , [ 0.  1.] , [ 0.3  0.7] , [ 0.2  0.8] , [ 0.7  0.3] , [ 0.5  0.5] , [ 0.5  0.5] , [ 0.5  0.5] , [ 0.4  0.6] , [ 0.4  0.6] , [ 0.2  0.8] , [ 0.4  0.6] , [ 0.4  0.6] , [ 0.2  0.8] , [ 0.7  0.3] , [ 0.2  0.8] ]
log_loss: 0.763843238078 

